********************************************************************************
STREME - Sensitive, Thorough, Rapid, Enriched Motif Elicitation
********************************************************************************
MEME version 5.5.4 (Release date: Fri Jun 16 12:19:08 2023 -0700)

For further information on how to interpret these results please access https://meme-suite.org/meme.
To get a copy of the MEME Suite software please access https://meme-suite.org.

********************************************************************************


********************************************************************************
REFERENCE
********************************************************************************
If you use this program in your research, please cite:

Timothy L. Bailey,
"STREME: accurate and versatile sequence motif discovery",
Bioinformatics, Mar. 24, 2021.
********************************************************************************


ALPHABET= ACGT

strands: + -

Background letter frequencies
A 0.331 C 0.169 G 0.169 T 0.331 

MOTIF 1-TTTAAAAAATAAATT STREME-1
letter-probability matrix: alength= 4 w= 15 nsites= 202 E= 2.4e-002
 0.091831 0.000211 0.000211 0.907747
 0.129100 0.004438 0.006326 0.860135
 0.014058 0.000211 0.034089 0.951643
 0.783659 0.009801 0.019402 0.187138
 0.979964 0.000211 0.009801 0.010023
 0.999165 0.000211 0.000211 0.000412
 0.970374 0.000211 0.000211 0.029203
 0.931473 0.000211 0.057813 0.010503
 0.908574 0.000211 0.000211 0.091004
 0.004325 0.062072 0.000211 0.933393
 0.951570 0.009801 0.000211 0.038417
 0.900342 0.030636 0.004438 0.064583
 0.826582 0.027706 0.000211 0.145500
 0.163508 0.021485 0.038571 0.776436
 0.217398 0.000211 0.010301 0.772089

MOTIF 2-TTTAAATAAAA STREME-2
letter-probability matrix: alength= 4 w= 11 nsites= 164 E= 5.7e-002
 0.001073 0.000550 0.000550 0.997828
 0.001073 0.000550 0.000550 0.997828
 0.001073 0.000550 0.000550 0.997828
 0.997828 0.000550 0.000550 0.001073
 0.997828 0.000550 0.000550 0.001073
 0.790126 0.104772 0.104029 0.001073
 0.001073 0.000550 0.000550 0.997828
 0.997828 0.000550 0.000550 0.001073
 0.782392 0.000550 0.000550 0.216509
 0.738077 0.221120 0.000550 0.040254
 0.997828 0.000550 0.000550 0.001073

MOTIF 3-ATTTAAAAAAA STREME-3
letter-probability matrix: alength= 4 w= 11 nsites= 330 E= 1.0e-001
 0.997677 0.000588 0.000588 0.001147
 0.001147 0.014255 0.017039 0.967558
 0.127646 0.023018 0.000588 0.848748
 0.001147 0.000588 0.000588 0.997677
 0.997677 0.000588 0.000588 0.001147
 0.983819 0.009915 0.002619 0.003647
 0.784834 0.005805 0.208213 0.001147
 0.887345 0.071078 0.012988 0.028589
 0.852001 0.023002 0.048889 0.076108
 0.809643 0.018569 0.000588 0.171200
 0.794101 0.025396 0.004721 0.175782

MOTIF 4-AGCGTGGTC STREME-4
letter-probability matrix: alength= 4 w= 9 nsites= 201 E= 1.9e-001
 0.791381 0.066770 0.069408 0.072441
 0.064309 0.044223 0.782336 0.109131
 0.014035 0.968229 0.001588 0.016149
 0.074055 0.018142 0.879523 0.028280
 0.142311 0.051455 0.048459 0.757775
 0.114656 0.070144 0.790469 0.024731
 0.027334 0.029354 0.869772 0.073539
 0.109637 0.040384 0.109411 0.740568
 0.107469 0.698774 0.131962 0.061795

MOTIF 5-AAAAAAAATTAAATK STREME-5
letter-probability matrix: alength= 4 w= 15 nsites= 158 E= 2.1e-001
 0.904340 0.025594 0.000187 0.069879
 0.987065 0.000187 0.000187 0.012562
 0.892995 0.000187 0.012384 0.094435
 0.982331 0.008653 0.000187 0.008830
 0.935747 0.000187 0.008662 0.055405
 0.902177 0.026388 0.000187 0.071249
 0.924662 0.000187 0.000187 0.074965
 0.923818 0.010843 0.000187 0.065153
 0.075157 0.013926 0.000187 0.910730
 0.038057 0.066500 0.000187 0.895256
 0.853713 0.043960 0.050044 0.052283
 0.912991 0.042545 0.020850 0.023614
 0.846817 0.012384 0.034069 0.106730
 0.108516 0.025585 0.008653 0.857246
 0.185810 0.066733 0.492183 0.255274

MOTIF 6-GMCGCGKC STREME-6
letter-probability matrix: alength= 4 w= 8 nsites= 230 E= 2.2e-001
 0.195714 0.024448 0.529814 0.250023
 0.534319 0.323711 0.104518 0.037452
 0.000661 0.973227 0.025451 0.000661
 0.000661 0.000339 0.998340 0.000661
 0.000661 0.998340 0.000339 0.000661
 0.000661 0.025451 0.973227 0.000661
 0.037452 0.104518 0.323711 0.534319
 0.250023 0.529814 0.024448 0.195714

MOTIF 7-AATTTATAAT STREME-7
letter-probability matrix: alength= 4 w= 10 nsites= 146 E= 3.8e-001
 0.996626 0.000854 0.000854 0.001666
 0.996626 0.000854 0.000854 0.001666
 0.001666 0.063113 0.063459 0.871761
 0.001666 0.013582 0.018735 0.966017
 0.203563 0.000854 0.000854 0.794729
 0.996626 0.000854 0.000854 0.001666
 0.001666 0.000854 0.000854 0.996626
 0.996626 0.000854 0.000854 0.001666
 0.892597 0.047719 0.058018 0.001666
 0.001666 0.000854 0.000854 0.996626

MOTIF 8-AGAGAGAGAG STREME-8
letter-probability matrix: alength= 4 w= 10 nsites= 213 E= 4.2e-001
 0.941446 0.009456 0.001673 0.047425
 0.001079 0.039571 0.941350 0.018001
 0.895528 0.038036 0.026099 0.040338
 0.049087 0.013199 0.926826 0.010888
 0.977300 0.006365 0.015041 0.001294
 0.075851 0.084984 0.811141 0.028024
 0.856704 0.040431 0.095050 0.007815
 0.007604 0.016613 0.974704 0.001079
 0.861506 0.080917 0.022849 0.034728
 0.001079 0.007908 0.965596 0.025417

MOTIF 9-ATATAAAAATA STREME-9
letter-probability matrix: alength= 4 w= 11 nsites= 182 E= 6.7e-001
 0.991599 0.002676 0.004658 0.001067
 0.001067 0.000547 0.000547 0.997840
 0.896250 0.043119 0.059564 0.001067
 0.001067 0.000547 0.000547 0.997840
 0.892545 0.052606 0.000547 0.054303
 0.956952 0.005936 0.032884 0.004228
 0.831227 0.066277 0.053817 0.048679
 0.956677 0.004452 0.012801 0.026069
 0.877405 0.014999 0.009213 0.098384
 0.001067 0.000547 0.000547 0.997840
 0.997840 0.000547 0.000547 0.001067

MOTIF 10-CACACGGC STREME-10
letter-probability matrix: alength= 4 w= 8 nsites= 100 E= 7.3e-001
 0.075323 0.802753 0.034933 0.086991
 0.841583 0.021847 0.089686 0.046884
 0.069585 0.886018 0.027510 0.016886
 0.885628 0.008493 0.080428 0.025451
 0.003117 0.957416 0.021478 0.017989
 0.019188 0.108884 0.844798 0.027130
 0.002294 0.037527 0.904722 0.055457
 0.041699 0.761508 0.085633 0.111160

MOTIF 11-AAATATTTTTAAAA STREME-11
letter-probability matrix: alength= 4 w= 14 nsites= 139 E= 7.4e-001
 0.880691 0.000526 0.000526 0.118257
 0.911439 0.048335 0.024405 0.015821
 0.994382 0.000526 0.004066 0.001027
 0.015001 0.000526 0.024405 0.960069
 0.935303 0.028474 0.011051 0.025172
 0.018992 0.030115 0.048335 0.902558
 0.001027 0.024405 0.000526 0.974043
 0.112305 0.048386 0.000526 0.838783
 0.026151 0.024405 0.024405 0.925040
 0.024883 0.048335 0.014809 0.911973
 0.927968 0.023870 0.004436 0.043726
 0.959015 0.000526 0.000526 0.039932
 0.858126 0.009223 0.024405 0.108246
 0.974043 0.000526 0.024405 0.001027

MOTIF 12-TATTTTAAAATAA STREME-12
letter-probability matrix: alength= 4 w= 13 nsites= 204 E= 7.4e-001
 0.000509 0.000261 0.000261 0.998969
 0.975386 0.000261 0.023844 0.000509
 0.057734 0.004397 0.020916 0.916953
 0.255170 0.000261 0.064963 0.679606
 0.012967 0.000261 0.049249 0.937523
 0.043380 0.000261 0.000261 0.956098
 0.982835 0.000261 0.000261 0.016643
 0.700703 0.005480 0.060543 0.233274
 0.857474 0.003802 0.088622 0.050102
 0.987116 0.000261 0.012114 0.000509
 0.000509 0.113824 0.000261 0.885406
 0.663754 0.018344 0.000261 0.317642
 0.972299 0.026931 0.000261 0.000509

MOTIF 13-AAAAATTAAAAAAT STREME-13
letter-probability matrix: alength= 4 w= 14 nsites= 151 E= 7.4e-001
 0.925185 0.000277 0.015564 0.058974
 0.933904 0.000277 0.018372 0.047448
 0.865930 0.000277 0.051169 0.082624
 0.871915 0.030931 0.000277 0.096877
 0.973788 0.025395 0.000277 0.000540
 0.017693 0.051759 0.027535 0.903012
 0.029456 0.006884 0.000277 0.963383
 0.980157 0.005812 0.000277 0.013754
 0.851934 0.063100 0.025422 0.059544
 0.834072 0.025409 0.025395 0.115125
 0.771466 0.044199 0.037981 0.146353
 0.832759 0.003005 0.052708 0.111528
 0.893658 0.025409 0.038036 0.042898
 0.057006 0.031892 0.007789 0.903313

MOTIF 14-CACGTGG STREME-14
letter-probability matrix: alength= 4 w= 7 nsites= 82 E= 7.8e-001
 0.030055 0.924491 0.015400 0.030055
 0.939145 0.015400 0.015400 0.030055
 0.030055 0.924491 0.015400 0.030055
 0.030055 0.015400 0.924491 0.030055
 0.030055 0.015400 0.015400 0.939145
 0.030055 0.015400 0.924491 0.030055
 0.030055 0.015400 0.924491 0.030055

MOTIF 15-ATTTTAAAAAAAAT STREME-15
letter-probability matrix: alength= 4 w= 14 nsites= 215 E= 2.6e+000
 0.979429 0.000217 0.019930 0.000424
 0.000424 0.034173 0.000217 0.965186
 0.000424 0.061317 0.088843 0.849416
 0.159071 0.000217 0.043987 0.796725
 0.000424 0.000217 0.000217 0.999142
 0.946570 0.000217 0.039664 0.013549
 0.811341 0.049499 0.010084 0.129075
 0.785547 0.068044 0.000217 0.146192
 0.931240 0.039707 0.008906 0.020147
 0.730518 0.095421 0.118259 0.055803
 0.687010 0.069233 0.004562 0.239195
 0.849253 0.039771 0.010074 0.100903
 0.834330 0.000217 0.093419 0.072035
 0.018334 0.001413 0.032755 0.947497

MOTIF 16-AGTAAAAAAAAAA STREME-16
letter-probability matrix: alength= 4 w= 13 nsites= 97 E= 4.6e+000
 0.998548 0.000367 0.000367 0.000717
 0.000717 0.000367 0.998199 0.000717
 0.000717 0.000367 0.000367 0.998548
 0.998548 0.000367 0.000367 0.000717
 0.943507 0.000367 0.000367 0.055758
 0.822079 0.068799 0.007716 0.101406
 0.767831 0.000367 0.083769 0.148033
 0.621883 0.096367 0.046330 0.235420
 0.819895 0.000367 0.031468 0.148270
 0.831777 0.029186 0.009139 0.129899
 0.873639 0.000367 0.041062 0.084931
 0.990824 0.000367 0.000367 0.008441
 0.998548 0.000367 0.000367 0.000717

MOTIF 17-AATAAAAAAAATAAA STREME-17
letter-probability matrix: alength= 4 w= 15 nsites= 44 E= 1.1e+001
 0.997683 0.000586 0.000586 0.001144
 0.916385 0.053878 0.028592 0.001144
 0.001144 0.000586 0.000586 0.997683
 0.997683 0.000586 0.000586 0.001144
 0.944448 0.027204 0.027204 0.001144
 0.877386 0.000586 0.053878 0.068149
 0.891041 0.107228 0.000586 0.001144
 0.851488 0.000586 0.000586 0.147340
 0.962988 0.000586 0.000586 0.035839
 0.917716 0.027204 0.000586 0.054494
 0.997683 0.000586 0.000586 0.001144
 0.001144 0.000586 0.000586 0.997683
 0.997683 0.000586 0.000586 0.001144
 0.864366 0.133903 0.000586 0.001144
 0.997683 0.000586 0.000586 0.001144

********************************************************************************
Stopped because 3 consecutive motifs exceeded the p-value threshold (0.05).
********************************************************************************
COMMAND:	streme --p /home/share_data1/luchh/vascular24ts/STREME/085/turquoise_extracted_sequences.fa --n /home/share_data1/luchh/vascular24ts/STREME/085/tan_extracted_sequences.fa --minw 4 --o turquoise_extracted_sequences_VS_tan_extracted_sequences
********************************************************************************
CPU:		localhost.localdomain
********************************************************************************
FINALTIME:	679.12 seconds
********************************************************************************
