********************************************************************************
STREME - Sensitive, Thorough, Rapid, Enriched Motif Elicitation
********************************************************************************
MEME version 5.5.4 (Release date: Fri Jun 16 12:19:08 2023 -0700)

For further information on how to interpret these results please access https://meme-suite.org/meme.
To get a copy of the MEME Suite software please access https://meme-suite.org.

********************************************************************************


********************************************************************************
REFERENCE
********************************************************************************
If you use this program in your research, please cite:

Timothy L. Bailey,
"STREME: accurate and versatile sequence motif discovery",
Bioinformatics, Mar. 24, 2021.
********************************************************************************


ALPHABET= ACGT

strands: + -

Background letter frequencies
A 0.335 C 0.165 G 0.165 T 0.335 

MOTIF 1-AAAATATTTTAAAA STREME-1
letter-probability matrix: alength= 4 w= 14 nsites= 150 E= 1.4e-002
 0.893287 0.024867 0.071969 0.009877
 0.948392 0.006546 0.000601 0.044461
 0.928209 0.000601 0.036214 0.034975
 0.957290 0.000601 0.022447 0.019662
 0.001219 0.058669 0.000601 0.939511
 0.962715 0.000601 0.035465 0.001219
 0.011593 0.070550 0.000601 0.917255
 0.069588 0.006546 0.000601 0.923265
 0.013756 0.000601 0.000601 0.985042
 0.017671 0.000601 0.000601 0.981127
 0.900980 0.000601 0.000601 0.097818
 0.925738 0.052897 0.008302 0.013063
 0.926433 0.031765 0.018518 0.023284
 0.997579 0.000601 0.000601 0.001219

MOTIF 2-AACGCGGYTBSD STREME-2
letter-probability matrix: alength= 4 w= 12 nsites= 202 E= 3.2e-002
 0.479433 0.171452 0.223820 0.125295
 0.959199 0.000080 0.023884 0.016836
 0.000163 0.999593 0.000080 0.000163
 0.142967 0.038161 0.804432 0.014440
 0.000163 0.992438 0.000080 0.007319
 0.000163 0.052437 0.932950 0.014449
 0.023957 0.119120 0.668748 0.188175
 0.059685 0.344222 0.038971 0.557123
 0.076315 0.161926 0.219066 0.542694
 0.073962 0.311870 0.246614 0.367554
 0.047761 0.420360 0.345234 0.186644
 0.371492 0.114317 0.297439 0.216752

MOTIF 3-CGCCCACGCCA STREME-3
letter-probability matrix: alength= 4 w= 11 nsites= 134 E= 1.6e-001
 0.107053 0.811298 0.033991 0.047659
 0.049991 0.027215 0.875059 0.047734
 0.128988 0.724134 0.049992 0.096886
 0.040883 0.838224 0.066452 0.054441
 0.081076 0.742202 0.098537 0.078185
 0.628953 0.126732 0.108531 0.135783
 0.047708 0.845628 0.030627 0.076038
 0.048798 0.048155 0.833101 0.069946
 0.129636 0.665750 0.069875 0.134739
 0.095146 0.723761 0.085995 0.095099
 0.723320 0.089358 0.040766 0.146556

MOTIF 4-TTATTTAAAAA STREME-4
letter-probability matrix: alength= 4 w= 11 nsites= 205 E= 2.2e-001
 0.001315 0.000648 0.057854 0.940183
 0.159845 0.000648 0.000648 0.838859
 0.997389 0.000648 0.000648 0.001315
 0.001315 0.076045 0.108734 0.813906
 0.001315 0.000648 0.049354 0.948684
 0.001315 0.000648 0.000648 0.997389
 0.997389 0.000648 0.000648 0.001315
 0.997389 0.000648 0.000648 0.001315
 0.997389 0.000648 0.000648 0.001315
 0.969824 0.000648 0.000648 0.028879
 0.941511 0.000648 0.056526 0.001315

MOTIF 5-CCACACGG STREME-5
letter-probability matrix: alength= 4 w= 8 nsites= 178 E= 2.7e-001
 0.160387 0.716384 0.122185 0.001045
 0.111535 0.815766 0.005254 0.067445
 0.940789 0.057651 0.000515 0.001045
 0.098818 0.899622 0.000515 0.001045
 0.942308 0.033467 0.023181 0.001045
 0.001045 0.997395 0.000515 0.001045
 0.001045 0.000515 0.997395 0.001045
 0.001045 0.153740 0.750908 0.094307

MOTIF 6-AAAATATAAAAAA STREME-6
letter-probability matrix: alength= 4 w= 13 nsites= 163 E= 3.2e-001
 0.946395 0.027175 0.025290 0.001140
 0.945884 0.052414 0.000562 0.001140
 0.997736 0.000562 0.000562 0.001140
 0.997736 0.000562 0.000562 0.001140
 0.001140 0.062796 0.115365 0.820698
 0.973682 0.024616 0.000562 0.001140
 0.001140 0.108469 0.000562 0.889829
 0.849928 0.000562 0.000562 0.148948
 0.853140 0.000562 0.064587 0.081711
 0.975632 0.000562 0.000562 0.023244
 0.997736 0.000562 0.000562 0.001140
 0.955052 0.000562 0.043246 0.001140
 0.899974 0.038985 0.000562 0.060479

MOTIF 7-TATTAAAATAATAT STREME-7
letter-probability matrix: alength= 4 w= 14 nsites= 202 E= 1.1e+000
 0.055687 0.046556 0.082029 0.815728
 0.943334 0.016607 0.024832 0.015228
 0.022180 0.022676 0.000276 0.954868
 0.073106 0.093413 0.000276 0.833205
 0.948071 0.000276 0.000276 0.051377
 0.962659 0.000276 0.032970 0.004094
 0.721067 0.033072 0.130990 0.114871
 0.845179 0.000276 0.049269 0.105275
 0.007224 0.000276 0.000276 0.992224
 0.958338 0.032954 0.008148 0.000560
 0.900464 0.032938 0.004908 0.061690
 0.026626 0.008500 0.000276 0.964597
 0.933177 0.021621 0.000276 0.044927
 0.079467 0.000276 0.049269 0.870987

MOTIF 8-CACGTG STREME-8
letter-probability matrix: alength= 4 w= 6 nsites= 166 E= 5.1e+000
 0.030445 0.924100 0.015009 0.030445
 0.939536 0.015009 0.015009 0.030445
 0.030445 0.924100 0.015009 0.030445
 0.030445 0.015009 0.924100 0.030445
 0.030445 0.015009 0.015009 0.939536
 0.030445 0.015009 0.924100 0.030445

MOTIF 9-AAAATAGATTTA STREME-9
letter-probability matrix: alength= 4 w= 12 nsites= 43 E= 5.6e+000
 0.916959 0.049990 0.007441 0.025610
 0.966547 0.000418 0.000418 0.032617
 0.973554 0.000418 0.025180 0.000848
 0.924144 0.048071 0.000418 0.027367
 0.000848 0.001939 0.018823 0.978390
 0.968194 0.000418 0.025180 0.006208
 0.000848 0.000418 0.997885 0.000848
 0.904268 0.048071 0.000418 0.047243
 0.012900 0.025180 0.001939 0.959982
 0.100188 0.012888 0.025180 0.861744
 0.020656 0.018823 0.132049 0.828472
 0.768471 0.099758 0.088743 0.043028

********************************************************************************
Stopped because 3 consecutive motifs exceeded the p-value threshold (0.05).
********************************************************************************
COMMAND:	streme --p /home/share_data1/luchh/vascular24ts/STREME/085/turquoise_extracted_sequences.fa --n /home/share_data1/luchh/vascular24ts/STREME/085/brown_extracted_sequences.fa --minw 4 --o turquoise_extracted_sequences_VS_brown_extracted_sequences
********************************************************************************
CPU:		localhost.localdomain
********************************************************************************
FINALTIME:	528.97 seconds
********************************************************************************
