"MEyellow" "MEturquoise" "MEred" "MEpink" "MEbrown" "MEblue" "MEblack" "MEgreen"
"evm.TU.FRAGSCAFF_21__FRAGMENT_1.14" -0.0434782608695652 -0.0434782608695652 -0.0434782608695652 -0.0434782608695652 1 -0.0434782608695652 -0.0434782608695652 -0.0212870180886626
"evm.TU.FRAGSCAFF_26__FRAGMENT_2.5" -0.0434782608695652 -0.0434782608695652 -0.0434782608695652 1 -0.0434782608695652 -0.0434782608695652 -0.0434782608695653 -0.0212870180886627
"evm.TU.FRAGSCAFF_36.5" -0.0434782608695652 -0.0434782608695652 1 -0.0434782608695652 -0.0434782608695652 -0.0434782608695652 -0.0434782608695652 -0.0212870180886626
"evm.TU.FRAGSCAFF_44__FRAGMENT_2.45" -0.0434782608695652 -0.0434782608695652 -0.0434782608695652 -0.0434782608695652 -0.0434782608695652 -0.0434782608695652 -0.0434782608695652 -0.0364668816363058
"evm.TU.FRAGSCAFF_49__FRAGMENT_1.19" -0.0434782608695652 -0.0434782608695652 -0.0434782608695652 -0.0434782608695652 1 -0.0434782608695652 -0.0434782608695652 -0.0212870180886626
"evm.TU.FRAGSCAFF_49__FRAGMENT_2.2" -0.0434782608695652 -0.0434782608695652 -0.0434782608695652 -0.0434782608695652 1 -0.0434782608695652 -0.0434782608695652 -0.0212870180886626
"evm.TU.FRAGSCAFF_52__FRAGMENT_3.2" -0.0434782608695652 -0.0434782608695652 1 -0.0434782608695652 -0.0434782608695652 -0.0434782608695652 -0.0434782608695652 -0.0212870180886626
"evm.TU.FRAGSCAFF_57__FRAGMENT_2.37" -0.0434782608695652 -0.0434782608695652 1 -0.0434782608695652 -0.0434782608695652 -0.0434782608695652 -0.0434782608695652 -0.0212870180886626
"evm.TU.FRAGSCAFF_57__FRAGMENT_2.42" -0.0434782608695652 -0.0434782608695652 -0.0434782608695652 -0.0434782608695652 -0.0434782608695652 -0.0434782608695652 -0.0434782608695652 -0.0757550776747198
"evm.TU.FRAGSCAFF_70__FRAGMENT_2.1" -0.0434782608695652 -0.0434782608695652 -0.0434782608695652 -0.0434782608695652 -0.0434782608695652 -0.0434782608695652 -0.0434782608695652 -0.0418993561625171
"evm.TU.FRAGSCAFF_75__FRAGMENT_3.45" -0.0434782608695652 -0.0434782608695652 -0.0434782608695652 1 -0.0434782608695652 -0.0434782608695652 -0.0434782608695653 -0.0212870180886627
"evm.TU.FRAGSCAFF_75__FRAGMENT_3.80" -0.0434782608695652 1 -0.0434782608695652 -0.0434782608695652 -0.0434782608695652 -0.0434782608695652 -0.0434782608695652 -0.0212870180886626
"evm.TU.FRAGSCAFF_78__FRAGMENT_1.7" -0.0434782608695652 -0.0434782608695652 -0.0434782608695652 -0.0434782608695652 -0.0434782608695652 -0.0434782608695652 -0.0434782608695652 -0.0757550776747198
"evm.TU.HIC_ASM_0.102" -0.0434782608695652 -0.0434782608695652 -0.0434782608695652 -0.0434782608695652 -0.0434782608695652 -0.0434782608695652 -0.0434782608695652 -0.0275400851103895
"evm.TU.HIC_ASM_0.109" -0.0434782608695652 -0.0434782608695652 -0.0434782608695652 -0.0434782608695652 1 -0.0434782608695652 -0.0434782608695652 -0.0212870180886626
"evm.TU.HIC_ASM_0.2" 1 -0.0434782608695652 -0.0434782608695652 -0.0434782608695652 -0.0434782608695652 -0.0434782608695652 -0.0434782608695652 -0.0212870180886626
"evm.TU.HIC_ASM_0.209" -0.0434782608695653 -0.0434782608695652 -0.0434782608695652 -0.0434782608695653 -0.0434782608695652 -0.0434782608695652 1 -0.0212870180886627
"evm.TU.HIC_ASM_0.243" -0.0434782608695652 -0.0434782608695652 -0.0434782608695652 -0.0434782608695652 -0.0434782608695652 -0.0434782608695652 -0.0434782608695652 0.979171782077841
"evm.TU.HIC_ASM_0.245" -0.0434782608695652 -0.0434782608695652 -0.0434782608695652 -0.0434782608695652 1 -0.0434782608695652 -0.0434782608695652 -0.0212870180886626
"evm.TU.HIC_ASM_0.247" -0.0434782608695652 -0.0434782608695652 -0.0434782608695652 -0.0434782608695652 -0.0434782608695652 -0.0434782608695652 -0.0434782608695652 -0.038994824933114
"evm.TU.HIC_ASM_0.257" -0.0434782608695652 -0.0434782608695652 -0.0434782608695652 -0.0434782608695652 -0.0434782608695652 -0.0434782608695652 -0.0434782608695652 0.979171782077841
"evm.TU.HIC_ASM_0.44" -0.0434782608695652 1 -0.0434782608695652 -0.0434782608695652 -0.0434782608695652 -0.0434782608695652 -0.0434782608695652 -0.0212870180886626
"evm.TU.HIC_ASM_0.45" -0.0434782608695652 -0.0434782608695652 -0.0434782608695652 -0.0434782608695652 1 -0.0434782608695652 -0.0434782608695652 -0.0212870180886626
"evm.TU.HIC_ASM_0.585" -0.0434782608695653 -0.0434782608695652 -0.0434782608695652 -0.0434782608695653 -0.0434782608695652 -0.0434782608695652 1 -0.0212870180886627
"evm.TU.HIC_ASM_0.586" -0.0434782608695652 -0.0434782608695652 -0.0434782608695652 -0.0434782608695652 1 -0.0434782608695652 -0.0434782608695652 -0.0212870180886626
"evm.TU.HIC_ASM_0.590" -0.0434782608695653 -0.0434782608695652 -0.0434782608695652 -0.0434782608695653 -0.0434782608695652 -0.0434782608695652 1 -0.0212870180886627
"evm.TU.HIC_ASM_0.612" -0.0434782608695652 -0.0434782608695652 -0.0434782608695652 -0.0434782608695652 -0.0434782608695652 -0.0434782608695652 -0.0434782608695652 -0.0757550776747198
"evm.TU.HIC_ASM_0.774" -0.0434782608695652 -0.0434782608695652 1 -0.0434782608695652 -0.0434782608695652 -0.0434782608695652 -0.0434782608695652 -0.0212870180886626
"evm.TU.HIC_ASM_0.797" -0.0434782608695652 -0.0434782608695652 -0.0434782608695652 -0.0434782608695652 -0.0434782608695652 -0.0434782608695652 -0.0434782608695652 -0.0305294274953115
"evm.TU.HIC_ASM_0.910" -0.0434782608695652 -0.0434782608695652 1 -0.0434782608695652 -0.0434782608695652 -0.0434782608695652 -0.0434782608695652 -0.0212870180886626
"evm.TU.HIC_ASM_0.975" -0.0434782608695652 -0.0434782608695652 -0.0434782608695652 -0.0434782608695652 1 -0.0434782608695652 -0.0434782608695652 -0.0212870180886626
"evm.TU.HIC_ASM_1.1051" -0.0434782608695652 -0.0434782608695652 -0.0434782608695652 -0.0434782608695652 -0.0434782608695652 -0.0434782608695652 -0.0434782608695652 -0.0757550776747198
"evm.TU.HIC_ASM_1.110" -0.0434782608695653 -0.0434782608695652 -0.0434782608695652 -0.0434782608695653 -0.0434782608695652 -0.0434782608695652 1 -0.0212870180886627
"evm.TU.HIC_ASM_1.1326" -0.0434782608695652 1 -0.0434782608695652 -0.0434782608695652 -0.0434782608695652 -0.0434782608695652 -0.0434782608695652 -0.0212870180886626
"evm.TU.HIC_ASM_1.133" -0.0434782608695652 -0.0434782608695652 1 -0.0434782608695652 -0.0434782608695652 -0.0434782608695652 -0.0434782608695652 -0.0212870180886626
"evm.TU.HIC_ASM_1.1442" -0.0434782608695652 -0.0434782608695652 -0.0434782608695652 -0.0434782608695652 -0.0434782608695652 -0.0434782608695652 -0.0434782608695652 -0.0364668816363058
"evm.TU.HIC_ASM_1.149" -0.0434782608695652 -0.0434782608695652 -0.0434782608695652 -0.0434782608695652 -0.0434782608695652 1 -0.0434782608695652 -0.0212870180886626
"evm.TU.HIC_ASM_1.1515" -0.0434782608695652 -0.0434782608695652 -0.0434782608695652 -0.0434782608695652 -0.0434782608695652 1 -0.0434782608695652 -0.0212870180886626
"evm.TU.HIC_ASM_1.1522" -0.0434782608695652 -0.0434782608695652 -0.0434782608695652 -0.0434782608695652 -0.0434782608695652 1 -0.0434782608695652 -0.0212870180886626
"evm.TU.HIC_ASM_1.1552" -0.0434782608695652 1 -0.0434782608695652 -0.0434782608695652 -0.0434782608695652 -0.0434782608695652 -0.0434782608695652 -0.0212870180886626
"evm.TU.HIC_ASM_1.1553" -0.0434782608695652 1 -0.0434782608695652 -0.0434782608695652 -0.0434782608695652 -0.0434782608695652 -0.0434782608695652 -0.0212870180886626
"evm.TU.HIC_ASM_1.1597" -0.0434782608695652 -0.0434782608695652 1 -0.0434782608695652 -0.0434782608695652 -0.0434782608695652 -0.0434782608695652 -0.0212870180886626
"evm.TU.HIC_ASM_1.1608" -0.0434782608695652 -0.0434782608695652 -0.0434782608695652 -0.0434782608695652 -0.0434782608695652 -0.0434782608695652 -0.0434782608695652 -0.0452713982263761
"evm.TU.HIC_ASM_1.1794" -0.0434782608695652 -0.0434782608695652 1 -0.0434782608695652 -0.0434782608695652 -0.0434782608695652 -0.0434782608695652 -0.0212870180886626
"evm.TU.HIC_ASM_1.1850" -0.0434782608695653 -0.0434782608695652 -0.0434782608695652 -0.0434782608695653 -0.0434782608695652 -0.0434782608695652 1 -0.0212870180886627
"evm.TU.HIC_ASM_1.188" -0.0434782608695652 1 -0.0434782608695652 -0.0434782608695652 -0.0434782608695652 -0.0434782608695652 -0.0434782608695652 -0.0212870180886626
"evm.TU.HIC_ASM_1.1884" -0.0434782608695652 -0.0434782608695652 -0.0434782608695652 -0.0434782608695652 -0.0434782608695652 -0.0434782608695652 -0.0434782608695652 -0.0757550776747204
"evm.TU.HIC_ASM_1.189" -0.0434782608695652 -0.0434782608695652 -0.0434782608695652 -0.0434782608695653 -0.0434782608695652 -0.0434782608695652 -0.0434782608695653 -0.028957812589245
"evm.TU.HIC_ASM_1.2035" -0.0434782608695653 -0.0434782608695652 -0.0434782608695652 -0.0434782608695653 -0.0434782608695652 -0.0434782608695652 -0.0434782608695653 -0.231918008488026
"evm.TU.HIC_ASM_1.2071" -0.0434782608695652 -0.0434782608695652 -0.0434782608695652 1 -0.0434782608695652 -0.0434782608695652 -0.0434782608695653 -0.0212870180886627
"evm.TU.HIC_ASM_1.2201" -0.0434782608695652 -0.0434782608695652 -0.0434782608695652 -0.0434782608695653 -0.0434782608695652 -0.0434782608695652 -0.0434782608695653 -0.028957812589245
"evm.TU.HIC_ASM_1.2283" -0.0434782608695652 -0.0434782608695652 -0.0434782608695652 1 -0.0434782608695652 -0.0434782608695652 -0.0434782608695653 -0.0212870180886627
"evm.TU.HIC_ASM_1.2420" -0.0434782608695652 -0.0434782608695652 -0.0434782608695652 -0.0434782608695652 -0.0434782608695652 -0.0434782608695652 -0.0434782608695652 -0.0322814232955457
"evm.TU.HIC_ASM_1.251" -0.0434782608695652 -0.0434782608695652 -0.0434782608695652 -0.0434782608695652 1 -0.0434782608695652 -0.0434782608695652 -0.0212870180886626
"evm.TU.HIC_ASM_1.2575" -0.0434782608695652 -0.0434782608695652 1 -0.0434782608695652 -0.0434782608695652 -0.0434782608695652 -0.0434782608695652 -0.0212870180886626
"evm.TU.HIC_ASM_1.258" -0.0434782608695652 -0.0434782608695652 -0.0434782608695652 1 -0.0434782608695652 -0.0434782608695652 -0.0434782608695653 -0.0212870180886627
"evm.TU.HIC_ASM_1.291" -0.0434782608695653 -0.0434782608695652 -0.0434782608695652 -0.0434782608695653 -0.0434782608695652 -0.0434782608695652 1 -0.0212870180886627
"evm.TU.HIC_ASM_1.336" -0.0434782608695653 -0.0434782608695652 -0.0434782608695652 -0.0434782608695653 -0.0434782608695652 -0.0434782608695652 1 -0.0212870180886627
"evm.TU.HIC_ASM_1.565" -0.0434782608695652 -0.0434782608695652 -0.0434782608695652 -0.0434782608695652 -0.0434782608695652 -0.0434782608695652 -0.0434782608695652 0.979171782077841
"evm.TU.HIC_ASM_1.71" 1 -0.0434782608695652 -0.0434782608695652 -0.0434782608695652 -0.0434782608695652 -0.0434782608695652 -0.0434782608695652 -0.0212870180886626
"evm.TU.HIC_ASM_1.842" -0.0434782608695652 -0.0434782608695652 -0.0434782608695652 -0.0434782608695652 1 -0.0434782608695652 -0.0434782608695652 -0.0212870180886626
"evm.TU.HIC_ASM_1.845" -0.0434782608695652 -0.0434782608695652 -0.0434782608695652 -0.0434782608695652 1 -0.0434782608695652 -0.0434782608695652 -0.0212870180886626
"evm.TU.HIC_ASM_1.849" -0.0434782608695652 -0.0434782608695652 -0.0434782608695652 -0.0434782608695652 -0.0434782608695652 1 -0.0434782608695652 -0.0212870180886626
"evm.TU.HIC_ASM_1.862" -0.0434782608695652 -0.0434782608695652 -0.0434782608695652 -0.0434782608695652 -0.0434782608695652 -0.0434782608695652 -0.0434782608695652 -0.0757550776747204
"evm.TU.HIC_ASM_1.969" 1 -0.0434782608695652 -0.0434782608695652 -0.0434782608695652 -0.0434782608695652 -0.0434782608695652 -0.0434782608695652 -0.0212870180886626
"evm.TU.HIC_ASM_10.1156" -0.0434782608695652 -0.0434782608695652 -0.0434782608695652 1 -0.0434782608695652 -0.0434782608695652 -0.0434782608695653 -0.0212870180886627
"evm.TU.HIC_ASM_10.156" 1 -0.0434782608695652 -0.0434782608695652 -0.0434782608695652 -0.0434782608695652 -0.0434782608695652 -0.0434782608695652 -0.0212870180886626
"evm.TU.HIC_ASM_10.219" -0.0434782608695652 -0.0434782608695652 -0.0434782608695652 -0.0434782608695652 -0.0434782608695652 -0.0434782608695652 -0.0434782608695652 -0.0757550776747198
"evm.TU.HIC_ASM_10.276" -0.0434782608695652 -0.0434782608695652 1 -0.0434782608695652 -0.0434782608695652 -0.0434782608695652 -0.0434782608695652 -0.0212870180886626
"evm.TU.HIC_ASM_10.315" -0.0434782608695652 -0.0434782608695652 -0.0434782608695652 -0.0434782608695652 -0.0434782608695652 -0.0434782608695652 -0.0434782608695652 -0.0305294274953115
"evm.TU.HIC_ASM_10.359" -0.0434782608695652 -0.0434782608695652 -0.0434782608695652 -0.0434782608695652 1 -0.0434782608695652 -0.0434782608695652 -0.0212870180886626
"evm.TU.HIC_ASM_10.369" -0.0434782608695652 -0.0434782608695652 -0.0434782608695652 -0.0434782608695652 1 -0.0434782608695652 -0.0434782608695652 -0.0212870180886626
"evm.TU.HIC_ASM_10.464" -0.0434782608695652 -0.0434782608695652 -0.0434782608695652 -0.0434782608695652 -0.0434782608695652 1 -0.0434782608695652 -0.0212870180886626
"evm.TU.HIC_ASM_10.472" -0.0434782608695652 -0.0434782608695652 -0.0434782608695652 -0.0434782608695652 -0.0434782608695652 1 -0.0434782608695652 -0.0212870180886626
"evm.TU.HIC_ASM_10.476" -0.0434782608695652 -0.0434782608695652 -0.0434782608695652 -0.0434782608695653 -0.0434782608695652 -0.0434782608695652 -0.0434782608695653 -0.0539561302892038
"evm.TU.HIC_ASM_10.491" -0.0434782608695652 -0.0434782608695652 -0.0434782608695652 -0.0434782608695652 -0.0434782608695652 -0.0434782608695652 -0.0434782608695652 0.979171782077841
"evm.TU.HIC_ASM_10.495" -0.0434782608695653 -0.0434782608695652 -0.0434782608695652 -0.0434782608695653 -0.0434782608695652 -0.0434782608695652 -0.0434782608695653 -0.231918008488026
"evm.TU.HIC_ASM_10.543" -0.0434782608695652 -0.0434782608695652 -0.0434782608695652 -0.0434782608695652 -0.0434782608695652 1 -0.0434782608695652 -0.0212870180886626
"evm.TU.HIC_ASM_10.619" -0.0434782608695652 -0.0434782608695652 -0.0434782608695652 -0.0434782608695653 -0.0434782608695652 -0.0434782608695652 -0.0434782608695653 -0.0539561302892038
"evm.TU.HIC_ASM_10.627" -0.0434782608695652 1 -0.0434782608695652 -0.0434782608695652 -0.0434782608695652 -0.0434782608695652 -0.0434782608695652 -0.0212870180886626
"evm.TU.HIC_ASM_10.722" -0.0434782608695652 1 -0.0434782608695652 -0.0434782608695652 -0.0434782608695652 -0.0434782608695652 -0.0434782608695652 -0.0212870180886626
"evm.TU.HIC_ASM_10.724" -0.0434782608695652 -0.0434782608695652 -0.0434782608695652 -0.0434782608695652 -0.0434782608695652 1 -0.0434782608695652 -0.0212870180886626
"evm.TU.HIC_ASM_10.912" -0.0434782608695652 -0.0434782608695652 -0.0434782608695652 -0.0434782608695652 -0.0434782608695652 1 -0.0434782608695652 -0.0212870180886626
"evm.TU.HIC_ASM_11.1031" -0.0434782608695652 -0.0434782608695652 -0.0434782608695652 1 -0.0434782608695652 -0.0434782608695652 -0.0434782608695653 -0.0212870180886627
"evm.TU.HIC_ASM_11.1175" -0.0434782608695652 -0.0434782608695652 -0.0434782608695652 -0.0434782608695652 -0.0434782608695652 -0.0434782608695652 -0.0434782608695652 -0.0418993561625171
"evm.TU.HIC_ASM_11.1310" -0.0434782608695652 -0.0434782608695652 -0.0434782608695652 -0.0434782608695652 -0.0434782608695652 -0.0434782608695652 -0.0434782608695652 -0.0757550776747198
"evm.TU.HIC_ASM_11.1313" -0.0434782608695652 -0.0434782608695652 -0.0434782608695652 -0.0434782608695652 -0.0434782608695652 -0.0434782608695652 -0.0434782608695652 -0.0452713982263761
"evm.TU.HIC_ASM_11.1334" -0.0434782608695652 -0.0434782608695652 -0.0434782608695652 -0.0434782608695652 -0.0434782608695652 -0.0434782608695652 -0.0434782608695652 -0.0757550776747198
"evm.TU.HIC_ASM_11.2" -0.0434782608695652 -0.0434782608695652 -0.0434782608695652 -0.0434782608695652 -0.0434782608695652 -0.0434782608695652 -0.0434782608695652 -0.0322814232955457
"evm.TU.HIC_ASM_11.22" -0.0434782608695652 -0.0434782608695652 -0.0434782608695652 -0.0434782608695652 -0.0434782608695652 -0.0434782608695652 -0.0434782608695652 -0.038994824933114
"evm.TU.HIC_ASM_11.280" -0.0434782608695652 -0.0434782608695652 -0.0434782608695652 1 -0.0434782608695652 -0.0434782608695652 -0.0434782608695653 -0.0212870180886627
"evm.TU.HIC_ASM_11.567" -0.0434782608695652 -0.0434782608695652 -0.0434782608695652 1 -0.0434782608695652 -0.0434782608695652 -0.0434782608695653 -0.0212870180886627
"evm.TU.HIC_ASM_11.695" -0.0434782608695652 -0.0434782608695652 -0.0434782608695652 -0.0434782608695652 -0.0434782608695652 -0.0434782608695652 -0.0434782608695652 -0.038994824933114
"evm.TU.HIC_ASM_11.72" -0.0434782608695652 -0.0434782608695652 -0.0434782608695652 -0.0434782608695652 -0.0434782608695652 -0.0434782608695652 -0.0434782608695652 -0.0757550776747204
"evm.TU.HIC_ASM_11.720" -0.0434782608695652 -0.0434782608695652 -0.0434782608695652 -0.0434782608695652 -0.0434782608695652 1 -0.0434782608695652 -0.0212870180886626
"evm.TU.HIC_ASM_11.78" -0.0434782608695652 -0.0434782608695652 -0.0434782608695652 -0.0434782608695652 -0.0434782608695652 1 -0.0434782608695652 -0.0212870180886626
"evm.TU.HIC_ASM_11.868" -0.0434782608695652 -0.0434782608695652 -0.0434782608695652 1 -0.0434782608695652 -0.0434782608695652 -0.0434782608695653 -0.0212870180886627
"evm.TU.HIC_ASM_11.885" -0.0434782608695652 -0.0434782608695652 -0.0434782608695652 -0.0434782608695652 -0.0434782608695652 -0.0434782608695652 -0.0434782608695652 -0.0452713982263761
"evm.TU.HIC_ASM_12.1" -0.0434782608695652 -0.0434782608695652 -0.0434782608695652 -0.0434782608695652 -0.0434782608695652 1 -0.0434782608695652 -0.0212870180886626
"evm.TU.HIC_ASM_12.1002" -0.0434782608695652 -0.0434782608695652 -0.0434782608695652 -0.0434782608695652 1 -0.0434782608695652 -0.0434782608695652 -0.0212870180886626
"evm.TU.HIC_ASM_12.1013" -0.0434782608695652 -0.0434782608695652 -0.0434782608695652 1 -0.0434782608695652 -0.0434782608695652 -0.0434782608695653 -0.0212870180886627
"evm.TU.HIC_ASM_12.1016" -0.0434782608695652 -0.0434782608695652 1 -0.0434782608695652 -0.0434782608695652 -0.0434782608695652 -0.0434782608695652 -0.0212870180886626
"evm.TU.HIC_ASM_12.1150" -0.0434782608695652 -0.0434782608695652 -0.0434782608695652 1 -0.0434782608695652 -0.0434782608695652 -0.0434782608695653 -0.0212870180886627
"evm.TU.HIC_ASM_12.1184" -0.0434782608695653 -0.0434782608695652 -0.0434782608695652 -0.0434782608695653 -0.0434782608695652 -0.0434782608695652 -0.0434782608695653 -0.231918008488026
"evm.TU.HIC_ASM_12.1345" 1 -0.0434782608695652 -0.0434782608695652 -0.0434782608695652 -0.0434782608695652 -0.0434782608695652 -0.0434782608695652 -0.0212870180886626
"evm.TU.HIC_ASM_12.196" -0.0434782608695652 -0.0434782608695652 -0.0434782608695652 -0.0434782608695652 -0.0434782608695652 -0.0434782608695652 -0.0434782608695652 -0.0322814232955456
"evm.TU.HIC_ASM_12.211" 1 -0.0434782608695652 -0.0434782608695652 -0.0434782608695652 -0.0434782608695652 -0.0434782608695652 -0.0434782608695652 -0.0212870180886626
"evm.TU.HIC_ASM_12.221" -0.0434782608695652 -0.0434782608695652 -0.0434782608695652 -0.0434782608695652 -0.0434782608695652 -0.0434782608695652 -0.0434782608695652 -0.038994824933114
"evm.TU.HIC_ASM_12.255" -0.0434782608695652 -0.0434782608695652 1 -0.0434782608695652 -0.0434782608695652 -0.0434782608695652 -0.0434782608695652 -0.0212870180886626
"evm.TU.HIC_ASM_12.288" -0.0434782608695652 1 -0.0434782608695652 -0.0434782608695652 -0.0434782608695652 -0.0434782608695652 -0.0434782608695652 -0.0212870180886626
"evm.TU.HIC_ASM_12.312" -0.0434782608695653 -0.0434782608695652 -0.0434782608695652 -0.0434782608695653 -0.0434782608695652 -0.0434782608695652 1 -0.0212870180886627
"evm.TU.HIC_ASM_12.77" -0.0434782608695652 -0.0434782608695652 -0.0434782608695652 -0.0434782608695652 -0.0434782608695652 -0.0434782608695652 -0.0434782608695652 -0.0240131505454351
"evm.TU.HIC_ASM_12.800" -0.0434782608695653 -0.0434782608695652 -0.0434782608695652 -0.0434782608695653 -0.0434782608695652 -0.0434782608695652 1 -0.0212870180886627
"evm.TU.HIC_ASM_12.864" -0.0434782608695652 -0.0434782608695652 -0.0434782608695652 1 -0.0434782608695652 -0.0434782608695652 -0.0434782608695653 -0.0212870180886627
"evm.TU.HIC_ASM_12.904" -0.0434782608695652 -0.0434782608695652 -0.0434782608695652 -0.0434782608695652 -0.0434782608695652 1 -0.0434782608695652 -0.0212870180886626
"evm.TU.HIC_ASM_12.960" -0.0434782608695652 1 -0.0434782608695652 -0.0434782608695652 -0.0434782608695652 -0.0434782608695652 -0.0434782608695652 -0.0212870180886626
"evm.TU.HIC_ASM_12.973" -0.0434782608695652 -0.0434782608695652 -0.0434782608695652 -0.0434782608695652 -0.0434782608695652 -0.0434782608695652 -0.0434782608695652 -0.0757550776747204
"evm.TU.HIC_ASM_12.982" -0.0434782608695652 1 -0.0434782608695652 -0.0434782608695652 -0.0434782608695652 -0.0434782608695652 -0.0434782608695652 -0.0212870180886626
"evm.TU.HIC_ASM_13.1116" -0.0434782608695652 -0.0434782608695652 -0.0434782608695652 -0.0434782608695652 -0.0434782608695652 -0.0434782608695652 -0.0434782608695652 -0.0240131505454351
"evm.TU.HIC_ASM_13.1177" -0.0434782608695652 -0.0434782608695652 -0.0434782608695652 -0.0434782608695652 1 -0.0434782608695652 -0.0434782608695652 -0.0212870180886626
"evm.TU.HIC_ASM_13.1192" 1 -0.0434782608695652 -0.0434782608695652 -0.0434782608695652 -0.0434782608695652 -0.0434782608695652 -0.0434782608695652 -0.0212870180886626
"evm.TU.HIC_ASM_13.1197" -0.0434782608695653 -0.0434782608695652 -0.0434782608695652 -0.0434782608695653 -0.0434782608695652 -0.0434782608695652 1 -0.0212870180886627
"evm.TU.HIC_ASM_13.1198" -0.0434782608695653 -0.0434782608695652 -0.0434782608695652 -0.0434782608695653 -0.0434782608695652 -0.0434782608695652 1 -0.0212870180886627
"evm.TU.HIC_ASM_13.1252" -0.0434782608695652 -0.0434782608695652 -0.0434782608695652 -0.0434782608695652 -0.0434782608695652 -0.0434782608695652 -0.0434782608695652 -0.0275400851103895
"evm.TU.HIC_ASM_13.1265" -0.0434782608695653 -0.0434782608695652 -0.0434782608695652 -0.0434782608695653 -0.0434782608695652 -0.0434782608695652 1 -0.0212870180886627
"evm.TU.HIC_ASM_13.1298" -0.0434782608695653 -0.0434782608695652 -0.0434782608695652 -0.0434782608695653 -0.0434782608695652 -0.0434782608695652 1 -0.0212870180886627
"evm.TU.HIC_ASM_13.1360" -0.0434782608695652 -0.0434782608695652 -0.0434782608695652 1 -0.0434782608695652 -0.0434782608695652 -0.0434782608695653 -0.0212870180886627
"evm.TU.HIC_ASM_13.1374" 1 -0.0434782608695652 -0.0434782608695652 -0.0434782608695652 -0.0434782608695652 -0.0434782608695652 -0.0434782608695652 -0.0212870180886626
"evm.TU.HIC_ASM_13.1402" -0.0434782608695652 -0.0434782608695652 -0.0434782608695652 -0.0434782608695652 -0.0434782608695652 1 -0.0434782608695652 -0.0212870180886626
"evm.TU.HIC_ASM_13.337" -0.0434782608695653 -0.0434782608695652 -0.0434782608695652 -0.0434782608695653 -0.0434782608695652 -0.0434782608695652 -0.0434782608695653 -0.231918008488026
"evm.TU.HIC_ASM_13.391" -0.0434782608695652 -0.0434782608695652 -0.0434782608695652 -0.0434782608695652 1 -0.0434782608695652 -0.0434782608695652 -0.0212870180886626
"evm.TU.HIC_ASM_13.614" -0.0434782608695652 -0.0434782608695652 -0.0434782608695652 -0.0434782608695652 1 -0.0434782608695652 -0.0434782608695652 -0.0212870180886626
"evm.TU.HIC_ASM_13.759" 1 -0.0434782608695652 -0.0434782608695652 -0.0434782608695652 -0.0434782608695652 -0.0434782608695652 -0.0434782608695652 -0.0212870180886626
"evm.TU.HIC_ASM_13.929" -0.0434782608695652 -0.0434782608695652 -0.0434782608695652 -0.0434782608695652 1 -0.0434782608695652 -0.0434782608695652 -0.0212870180886626
"evm.TU.HIC_ASM_13.981" -0.0434782608695652 -0.0434782608695652 -0.0434782608695652 1 -0.0434782608695652 -0.0434782608695652 -0.0434782608695653 -0.0212870180886627
"evm.TU.HIC_ASM_14.1005" -0.0434782608695652 1 -0.0434782608695652 -0.0434782608695652 -0.0434782608695652 -0.0434782608695652 -0.0434782608695652 -0.0212870180886626
"evm.TU.HIC_ASM_14.1066" -0.0434782608695652 -0.0434782608695652 -0.0434782608695652 -0.0434782608695652 -0.0434782608695652 -0.0434782608695652 -0.0434782608695652 0.979171782077841
"evm.TU.HIC_ASM_14.271" -0.0434782608695652 -0.0434782608695652 -0.0434782608695652 -0.0434782608695653 -0.0434782608695652 -0.0434782608695652 -0.0434782608695653 -0.0539561302892038
"evm.TU.HIC_ASM_14.282" -0.0434782608695652 -0.0434782608695652 -0.0434782608695652 1 -0.0434782608695652 -0.0434782608695652 -0.0434782608695653 -0.0212870180886627
"evm.TU.HIC_ASM_14.285" -0.0434782608695652 -0.0434782608695652 -0.0434782608695652 -0.0434782608695652 -0.0434782608695652 -0.0434782608695652 -0.0434782608695652 -0.0275400851103895
"evm.TU.HIC_ASM_14.287" -0.0434782608695652 -0.0434782608695652 1 -0.0434782608695652 -0.0434782608695652 -0.0434782608695652 -0.0434782608695652 -0.0212870180886626
"evm.TU.HIC_ASM_14.342" -0.0434782608695653 -0.0434782608695652 -0.0434782608695652 -0.0434782608695653 -0.0434782608695652 -0.0434782608695652 1 -0.0212870180886627
"evm.TU.HIC_ASM_14.372" -0.0434782608695653 -0.0434782608695652 -0.0434782608695652 -0.0434782608695653 -0.0434782608695652 -0.0434782608695652 1 -0.0212870180886627
"evm.TU.HIC_ASM_14.485" -0.0434782608695652 -0.0434782608695652 -0.0434782608695652 -0.0434782608695652 -0.0434782608695652 -0.0434782608695652 -0.0434782608695652 0.979171782077841
"evm.TU.HIC_ASM_14.492" -0.0434782608695653 -0.0434782608695652 -0.0434782608695652 -0.0434782608695653 -0.0434782608695652 -0.0434782608695652 1 -0.0212870180886627
"evm.TU.HIC_ASM_14.580" -0.0434782608695652 -0.0434782608695652 -0.0434782608695652 -0.0434782608695652 -0.0434782608695652 1 -0.0434782608695652 -0.0212870180886626
"evm.TU.HIC_ASM_14.651" -0.0434782608695652 1 -0.0434782608695652 -0.0434782608695652 -0.0434782608695652 -0.0434782608695652 -0.0434782608695652 -0.0212870180886626
"evm.TU.HIC_ASM_14.670" -0.0434782608695652 -0.0434782608695652 -0.0434782608695652 -0.0434782608695652 -0.0434782608695652 -0.0434782608695652 -0.0434782608695652 -0.0757550776747198
"evm.TU.HIC_ASM_14.671" -0.0434782608695652 -0.0434782608695652 -0.0434782608695652 -0.0434782608695652 1 -0.0434782608695652 -0.0434782608695652 -0.0212870180886626
"evm.TU.HIC_ASM_14.672" -0.0434782608695652 -0.0434782608695652 -0.0434782608695652 -0.0434782608695652 1 -0.0434782608695652 -0.0434782608695652 -0.0212870180886626
"evm.TU.HIC_ASM_14.744" -0.0434782608695652 -0.0434782608695652 -0.0434782608695652 -0.0434782608695652 -0.0434782608695652 -0.0434782608695652 -0.0434782608695652 -0.0452713982263761
"evm.TU.HIC_ASM_14.786" -0.0434782608695652 -0.0434782608695652 -0.0434782608695652 -0.0434782608695653 -0.0434782608695652 -0.0434782608695652 -0.0434782608695653 -0.0539561302892038
"evm.TU.HIC_ASM_15.1224" -0.0434782608695653 -0.0434782608695652 -0.0434782608695652 -0.0434782608695653 -0.0434782608695652 -0.0434782608695652 1 -0.0212870180886627
"evm.TU.HIC_ASM_15.1260" -0.0434782608695652 -0.0434782608695652 -0.0434782608695652 1 -0.0434782608695652 -0.0434782608695652 -0.0434782608695653 -0.0212870180886627
"evm.TU.HIC_ASM_15.1267" -0.0434782608695653 -0.0434782608695652 -0.0434782608695652 -0.0434782608695653 -0.0434782608695652 -0.0434782608695652 -0.0434782608695653 -0.231918008488026
"evm.TU.HIC_ASM_15.1271" -0.0434782608695652 -0.0434782608695652 -0.0434782608695652 -0.0434782608695652 -0.0434782608695652 -0.0434782608695652 -0.0434782608695652 -0.0322814232955456
"evm.TU.HIC_ASM_15.1317" -0.0434782608695652 -0.0434782608695652 -0.0434782608695652 -0.0434782608695652 -0.0434782608695652 1 -0.0434782608695652 -0.0212870180886626
"evm.TU.HIC_ASM_15.145" -0.0434782608695652 -0.0434782608695652 1 -0.0434782608695652 -0.0434782608695652 -0.0434782608695652 -0.0434782608695652 -0.0212870180886626
"evm.TU.HIC_ASM_15.1558" -0.0434782608695652 -0.0434782608695652 -0.0434782608695652 -0.0434782608695652 -0.0434782608695652 1 -0.0434782608695652 -0.0212870180886626
"evm.TU.HIC_ASM_15.1602" 1 -0.0434782608695652 -0.0434782608695652 -0.0434782608695652 -0.0434782608695652 -0.0434782608695652 -0.0434782608695652 -0.0212870180886626
"evm.TU.HIC_ASM_15.1637" -0.0434782608695652 -0.0434782608695652 -0.0434782608695652 -0.0434782608695652 -0.0434782608695652 -0.0434782608695652 -0.0434782608695652 0.979171782077841
"evm.TU.HIC_ASM_15.1639" -0.0434782608695652 -0.0434782608695652 -0.0434782608695652 -0.0434782608695652 1 -0.0434782608695652 -0.0434782608695652 -0.0212870180886626
"evm.TU.HIC_ASM_15.169" -0.0434782608695652 -0.0434782608695652 -0.0434782608695652 -0.0434782608695652 -0.0434782608695652 -0.0434782608695652 -0.0434782608695652 -0.0364668816363058
"evm.TU.HIC_ASM_15.1825" 1 -0.0434782608695652 -0.0434782608695652 -0.0434782608695652 -0.0434782608695652 -0.0434782608695652 -0.0434782608695652 -0.0212870180886626
"evm.TU.HIC_ASM_15.1998" -0.0434782608695652 1 -0.0434782608695652 -0.0434782608695652 -0.0434782608695652 -0.0434782608695652 -0.0434782608695652 -0.0212870180886626
"evm.TU.HIC_ASM_15.2047" -0.0434782608695652 -0.0434782608695652 -0.0434782608695652 -0.0434782608695652 1 -0.0434782608695652 -0.0434782608695652 -0.0212870180886626
"evm.TU.HIC_ASM_15.2245" -0.0434782608695652 -0.0434782608695652 -0.0434782608695652 -0.0434782608695652 -0.0434782608695652 -0.0434782608695652 -0.0434782608695652 -0.038994824933114
"evm.TU.HIC_ASM_15.2309" -0.0434782608695652 -0.0434782608695652 -0.0434782608695652 -0.0434782608695652 -0.0434782608695652 -0.0434782608695652 -0.0434782608695652 -0.0305294274953116
"evm.TU.HIC_ASM_15.2311" -0.0434782608695653 -0.0434782608695652 -0.0434782608695652 -0.0434782608695653 -0.0434782608695652 -0.0434782608695652 1 -0.0212870180886627
"evm.TU.HIC_ASM_15.2339" -0.0434782608695653 -0.0434782608695652 -0.0434782608695652 -0.0434782608695653 -0.0434782608695652 -0.0434782608695652 -0.0434782608695653 -0.231918008488026
"evm.TU.HIC_ASM_15.2392" -0.0434782608695652 -0.0434782608695652 -0.0434782608695652 1 -0.0434782608695652 -0.0434782608695652 -0.0434782608695653 -0.0212870180886627
"evm.TU.HIC_ASM_15.2403" -0.0434782608695652 -0.0434782608695652 -0.0434782608695652 -0.0434782608695652 -0.0434782608695652 1 -0.0434782608695652 -0.0212870180886626
"evm.TU.HIC_ASM_15.2516" -0.0434782608695652 -0.0434782608695652 -0.0434782608695652 -0.0434782608695652 -0.0434782608695652 -0.0434782608695652 -0.0434782608695652 -0.0322814232955457
"evm.TU.HIC_ASM_15.2568" 1 -0.0434782608695652 -0.0434782608695652 -0.0434782608695652 -0.0434782608695652 -0.0434782608695652 -0.0434782608695652 -0.0212870180886626
"evm.TU.HIC_ASM_15.2639" -0.0434782608695653 -0.0434782608695652 -0.0434782608695652 -0.0434782608695653 -0.0434782608695652 -0.0434782608695652 1 -0.0212870180886627
"evm.TU.HIC_ASM_15.2640" 1 -0.0434782608695652 -0.0434782608695652 -0.0434782608695652 -0.0434782608695652 -0.0434782608695652 -0.0434782608695652 -0.0212870180886626
"evm.TU.HIC_ASM_15.361" -0.0434782608695652 1 -0.0434782608695652 -0.0434782608695652 -0.0434782608695652 -0.0434782608695652 -0.0434782608695652 -0.0212870180886626
"evm.TU.HIC_ASM_15.533" -0.0434782608695652 -0.0434782608695652 -0.0434782608695652 -0.0434782608695652 -0.0434782608695652 -0.0434782608695652 -0.0434782608695652 -0.0305294274953115
"evm.TU.HIC_ASM_15.698" -0.0434782608695652 -0.0434782608695652 1 -0.0434782608695652 -0.0434782608695652 -0.0434782608695652 -0.0434782608695652 -0.0212870180886626
"evm.TU.HIC_ASM_15.785" -0.0434782608695653 -0.0434782608695652 -0.0434782608695652 -0.0434782608695653 -0.0434782608695652 -0.0434782608695652 1 -0.0212870180886627
"evm.TU.HIC_ASM_15.81" -0.0434782608695652 -0.0434782608695652 -0.0434782608695652 -0.0434782608695652 -0.0434782608695652 1 -0.0434782608695652 -0.0212870180886626
"evm.TU.HIC_ASM_16.1039" -0.0434782608695653 -0.0434782608695652 -0.0434782608695652 -0.0434782608695653 -0.0434782608695652 -0.0434782608695652 1 -0.0212870180886627
"evm.TU.HIC_ASM_16.1129" -0.0434782608695652 -0.0434782608695652 -0.0434782608695652 -0.0434782608695652 -0.0434782608695652 1 -0.0434782608695652 -0.0212870180886626
"evm.TU.HIC_ASM_16.1165" -0.0434782608695652 -0.0434782608695652 -0.0434782608695652 -0.0434782608695652 -0.0434782608695652 1 -0.0434782608695652 -0.0212870180886626
"evm.TU.HIC_ASM_16.1194" -0.0434782608695652 -0.0434782608695652 -0.0434782608695652 -0.0434782608695652 -0.0434782608695652 -0.0434782608695652 -0.0434782608695652 -0.0418993561625171
"evm.TU.HIC_ASM_16.1198" -0.0434782608695652 -0.0434782608695652 -0.0434782608695652 1 -0.0434782608695652 -0.0434782608695652 -0.0434782608695653 -0.0212870180886627
"evm.TU.HIC_ASM_16.1403" -0.0434782608695652 -0.0434782608695652 -0.0434782608695652 -0.0434782608695652 -0.0434782608695652 -0.0434782608695652 -0.0434782608695652 -0.0364668816363058
"evm.TU.HIC_ASM_16.1417" -0.0434782608695652 -0.0434782608695652 -0.0434782608695652 -0.0434782608695652 -0.0434782608695652 1 -0.0434782608695652 -0.0212870180886626
"evm.TU.HIC_ASM_16.192" -0.0434782608695652 -0.0434782608695652 -0.0434782608695652 -0.0434782608695653 -0.0434782608695652 -0.0434782608695652 -0.0434782608695653 -0.0539561302892038
"evm.TU.HIC_ASM_16.327" -0.0434782608695652 -0.0434782608695652 -0.0434782608695652 -0.0434782608695653 -0.0434782608695652 -0.0434782608695652 -0.0434782608695653 -0.0539561302892038
"evm.TU.HIC_ASM_16.329" -0.0434782608695652 -0.0434782608695652 -0.0434782608695652 -0.0434782608695652 -0.0434782608695652 -0.0434782608695652 -0.0434782608695652 0.979171782077841
"evm.TU.HIC_ASM_16.428" -0.0434782608695652 -0.0434782608695652 -0.0434782608695652 1 -0.0434782608695652 -0.0434782608695652 -0.0434782608695653 -0.0212870180886627
"evm.TU.HIC_ASM_16.431" -0.0434782608695652 -0.0434782608695652 -0.0434782608695652 -0.0434782608695653 -0.0434782608695652 -0.0434782608695652 -0.0434782608695653 -0.0539561302892038
"evm.TU.HIC_ASM_16.503" -0.0434782608695652 -0.0434782608695652 -0.0434782608695652 -0.0434782608695652 -0.0434782608695652 -0.0434782608695652 -0.0434782608695652 0.979171782077841
"evm.TU.HIC_ASM_16.539" -0.0434782608695652 -0.0434782608695652 -0.0434782608695652 -0.0434782608695652 -0.0434782608695652 -0.0434782608695652 -0.0434782608695652 0.979171782077841
"evm.TU.HIC_ASM_16.674" -0.0434782608695652 -0.0434782608695652 -0.0434782608695652 -0.0434782608695652 -0.0434782608695652 -0.0434782608695652 -0.0434782608695652 -0.0364668816363058
"evm.TU.HIC_ASM_16.676" -0.0434782608695653 -0.0434782608695652 -0.0434782608695652 -0.0434782608695653 -0.0434782608695652 -0.0434782608695652 1 -0.0212870180886627
"evm.TU.HIC_ASM_16.688" -0.0434782608695652 -0.0434782608695652 -0.0434782608695652 -0.0434782608695652 -0.0434782608695652 -0.0434782608695652 -0.0434782608695652 -0.0452713982263761
"evm.TU.HIC_ASM_16.72" -0.0434782608695652 -0.0434782608695652 -0.0434782608695652 1 -0.0434782608695652 -0.0434782608695652 -0.0434782608695653 -0.0212870180886627
"evm.TU.HIC_ASM_16.851" -0.0434782608695652 1 -0.0434782608695652 -0.0434782608695652 -0.0434782608695652 -0.0434782608695652 -0.0434782608695652 -0.0212870180886626
"evm.TU.HIC_ASM_16.94" 1 -0.0434782608695652 -0.0434782608695652 -0.0434782608695652 -0.0434782608695652 -0.0434782608695652 -0.0434782608695652 -0.0212870180886626
"evm.TU.HIC_ASM_16.940" -0.0434782608695652 1 -0.0434782608695652 -0.0434782608695652 -0.0434782608695652 -0.0434782608695652 -0.0434782608695652 -0.0212870180886626
"evm.TU.HIC_ASM_16.95" -0.0434782608695652 -0.0434782608695652 -0.0434782608695652 -0.0434782608695652 1 -0.0434782608695652 -0.0434782608695652 -0.0212870180886626
"evm.TU.HIC_ASM_16.989" -0.0434782608695652 -0.0434782608695652 -0.0434782608695652 -0.0434782608695652 -0.0434782608695652 -0.0434782608695652 -0.0434782608695652 -0.0240131505454351
"evm.TU.HIC_ASM_17.1026" -0.0434782608695652 -0.0434782608695652 -0.0434782608695652 -0.0434782608695652 -0.0434782608695652 -0.0434782608695652 -0.0434782608695652 -0.0305294274953115
"evm.TU.HIC_ASM_17.108" -0.0434782608695652 -0.0434782608695652 1 -0.0434782608695652 -0.0434782608695652 -0.0434782608695652 -0.0434782608695652 -0.0212870180886626
"evm.TU.HIC_ASM_17.114" -0.0434782608695652 -0.0434782608695652 -0.0434782608695652 -0.0434782608695652 1 -0.0434782608695652 -0.0434782608695652 -0.0212870180886626
"evm.TU.HIC_ASM_17.1239" -0.0434782608695652 -0.0434782608695652 1 -0.0434782608695652 -0.0434782608695652 -0.0434782608695652 -0.0434782608695652 -0.0212870180886626
"evm.TU.HIC_ASM_17.1240" -0.0434782608695652 1 -0.0434782608695652 -0.0434782608695652 -0.0434782608695652 -0.0434782608695652 -0.0434782608695652 -0.0212870180886626
"evm.TU.HIC_ASM_17.1349" -0.0434782608695652 -0.0434782608695652 -0.0434782608695652 -0.0434782608695653 -0.0434782608695652 -0.0434782608695652 -0.0434782608695653 -0.028957812589245
"evm.TU.HIC_ASM_17.1390" -0.0434782608695652 -0.0434782608695652 -0.0434782608695652 1 -0.0434782608695652 -0.0434782608695652 -0.0434782608695653 -0.0212870180886627
"evm.TU.HIC_ASM_17.1402" -0.0434782608695652 -0.0434782608695652 -0.0434782608695652 -0.0434782608695653 -0.0434782608695652 -0.0434782608695652 -0.0434782608695653 -0.028957812589245
"evm.TU.HIC_ASM_17.1438" -0.0434782608695652 -0.0434782608695652 -0.0434782608695652 -0.0434782608695652 -0.0434782608695652 -0.0434782608695652 -0.0434782608695652 -0.0757550776747204
"evm.TU.HIC_ASM_17.1448" 1 -0.0434782608695652 -0.0434782608695652 -0.0434782608695652 -0.0434782608695652 -0.0434782608695652 -0.0434782608695652 -0.0212870180886626
"evm.TU.HIC_ASM_17.1550" -0.0434782608695652 -0.0434782608695652 -0.0434782608695652 -0.0434782608695652 -0.0434782608695652 1 -0.0434782608695652 -0.0212870180886626
"evm.TU.HIC_ASM_17.18" -0.0434782608695652 -0.0434782608695652 -0.0434782608695652 1 -0.0434782608695652 -0.0434782608695652 -0.0434782608695653 -0.0212870180886627
"evm.TU.HIC_ASM_17.242" -0.0434782608695652 -0.0434782608695652 -0.0434782608695652 -0.0434782608695652 1 -0.0434782608695652 -0.0434782608695652 -0.0212870180886626
"evm.TU.HIC_ASM_17.327" -0.0434782608695652 -0.0434782608695652 -0.0434782608695652 -0.0434782608695652 1 -0.0434782608695652 -0.0434782608695652 -0.0212870180886626
"evm.TU.HIC_ASM_17.432" -0.0434782608695652 -0.0434782608695652 -0.0434782608695652 -0.0434782608695652 -0.0434782608695652 -0.0434782608695652 -0.0434782608695652 -0.0418993561625171
"evm.TU.HIC_ASM_17.617" -0.0434782608695652 -0.0434782608695652 -0.0434782608695652 -0.0434782608695652 -0.0434782608695652 -0.0434782608695652 -0.0434782608695652 -0.038994824933114
"evm.TU.HIC_ASM_17.901" -0.0434782608695652 -0.0434782608695652 -0.0434782608695652 -0.0434782608695652 -0.0434782608695652 -0.0434782608695652 -0.0434782608695652 -0.0322814232955457
"evm.TU.HIC_ASM_18.1093" -0.0434782608695653 -0.0434782608695652 -0.0434782608695652 -0.0434782608695653 -0.0434782608695652 -0.0434782608695652 1 -0.0212870180886627
"evm.TU.HIC_ASM_18.1257" -0.0434782608695652 -0.0434782608695652 -0.0434782608695652 -0.0434782608695652 -0.0434782608695652 1 -0.0434782608695652 -0.0212870180886626
"evm.TU.HIC_ASM_18.316" -0.0434782608695652 1 -0.0434782608695652 -0.0434782608695652 -0.0434782608695652 -0.0434782608695652 -0.0434782608695652 -0.0212870180886626
"evm.TU.HIC_ASM_18.355" -0.0434782608695652 -0.0434782608695652 -0.0434782608695652 -0.0434782608695652 -0.0434782608695652 1 -0.0434782608695652 -0.0212870180886626
"evm.TU.HIC_ASM_18.392" -0.0434782608695652 -0.0434782608695652 -0.0434782608695652 -0.0434782608695652 -0.0434782608695652 -0.0434782608695652 -0.0434782608695652 -0.0305294274953116
"evm.TU.HIC_ASM_18.393" 1 -0.0434782608695652 -0.0434782608695652 -0.0434782608695652 -0.0434782608695652 -0.0434782608695652 -0.0434782608695652 -0.0212870180886626
"evm.TU.HIC_ASM_18.420" -0.0434782608695653 -0.0434782608695652 -0.0434782608695652 -0.0434782608695653 -0.0434782608695652 -0.0434782608695652 1 -0.0212870180886627
"evm.TU.HIC_ASM_18.506" -0.0434782608695652 -0.0434782608695652 -0.0434782608695652 -0.0434782608695652 1 -0.0434782608695652 -0.0434782608695652 -0.0212870180886626
"evm.TU.HIC_ASM_18.51" -0.0434782608695653 -0.0434782608695652 -0.0434782608695652 -0.0434782608695653 -0.0434782608695652 -0.0434782608695652 1 -0.0212870180886627
"evm.TU.HIC_ASM_18.64" -0.0434782608695653 -0.0434782608695652 -0.0434782608695652 -0.0434782608695653 -0.0434782608695652 -0.0434782608695652 1 -0.0212870180886627
"evm.TU.HIC_ASM_18.788" -0.0434782608695653 -0.0434782608695652 -0.0434782608695652 -0.0434782608695653 -0.0434782608695652 -0.0434782608695652 1 -0.0212870180886627
"evm.TU.HIC_ASM_18.807" -0.0434782608695652 -0.0434782608695652 -0.0434782608695652 -0.0434782608695652 -0.0434782608695652 1 -0.0434782608695652 -0.0212870180886626
"evm.TU.HIC_ASM_18.858" -0.0434782608695652 -0.0434782608695652 -0.0434782608695652 -0.0434782608695652 -0.0434782608695652 1 -0.0434782608695652 -0.0212870180886626
"evm.TU.HIC_ASM_18.864" -0.0434782608695652 -0.0434782608695652 -0.0434782608695652 -0.0434782608695652 -0.0434782608695652 -0.0434782608695652 -0.0434782608695652 -0.0275400851103895
"evm.TU.HIC_ASM_18.968" -0.0434782608695652 -0.0434782608695652 1 -0.0434782608695652 -0.0434782608695652 -0.0434782608695652 -0.0434782608695652 -0.0212870180886626
"evm.TU.HIC_ASM_2.1042" -0.0434782608695652 -0.0434782608695652 -0.0434782608695652 -0.0434782608695652 -0.0434782608695652 -0.0434782608695652 -0.0434782608695652 -0.0757550776747204
"evm.TU.HIC_ASM_2.1045" -0.0434782608695652 -0.0434782608695652 -0.0434782608695652 -0.0434782608695653 -0.0434782608695652 -0.0434782608695652 -0.0434782608695653 -0.0539561302892038
"evm.TU.HIC_ASM_2.1199" 1 -0.0434782608695652 -0.0434782608695652 -0.0434782608695652 -0.0434782608695652 -0.0434782608695652 -0.0434782608695652 -0.0212870180886626
"evm.TU.HIC_ASM_2.1221" -0.0434782608695653 -0.0434782608695652 -0.0434782608695652 -0.0434782608695653 -0.0434782608695652 -0.0434782608695652 1 -0.0212870180886627
"evm.TU.HIC_ASM_2.1314" -0.0434782608695652 -0.0434782608695652 -0.0434782608695652 -0.0434782608695652 -0.0434782608695652 1 -0.0434782608695652 -0.0212870180886626
"evm.TU.HIC_ASM_2.1417" -0.0434782608695652 -0.0434782608695652 -0.0434782608695652 -0.0434782608695652 1 -0.0434782608695652 -0.0434782608695652 -0.0212870180886626
"evm.TU.HIC_ASM_2.200" 1 -0.0434782608695652 -0.0434782608695652 -0.0434782608695652 -0.0434782608695652 -0.0434782608695652 -0.0434782608695652 -0.0212870180886626
"evm.TU.HIC_ASM_2.236" -0.0434782608695652 -0.0434782608695652 -0.0434782608695652 -0.0434782608695652 -0.0434782608695652 -0.0434782608695652 -0.0434782608695652 0.979171782077841
"evm.TU.HIC_ASM_2.315" -0.0434782608695652 -0.0434782608695652 -0.0434782608695652 1 -0.0434782608695652 -0.0434782608695652 -0.0434782608695653 -0.0212870180886627
"evm.TU.HIC_ASM_2.345" -0.0434782608695653 -0.0434782608695652 -0.0434782608695652 -0.0434782608695653 -0.0434782608695652 -0.0434782608695652 1 -0.0212870180886627
"evm.TU.HIC_ASM_2.409" -0.0434782608695652 -0.0434782608695652 -0.0434782608695652 -0.0434782608695652 -0.0434782608695652 -0.0434782608695652 -0.0434782608695652 -0.0322814232955456
"evm.TU.HIC_ASM_2.576" -0.0434782608695652 -0.0434782608695652 -0.0434782608695652 -0.0434782608695652 -0.0434782608695652 -0.0434782608695652 -0.0434782608695652 -0.0757550776747204
"evm.TU.HIC_ASM_2.592" 1 -0.0434782608695652 -0.0434782608695652 -0.0434782608695652 -0.0434782608695652 -0.0434782608695652 -0.0434782608695652 -0.0212870180886626
"evm.TU.HIC_ASM_2.655" -0.0434782608695653 -0.0434782608695652 -0.0434782608695652 -0.0434782608695653 -0.0434782608695652 -0.0434782608695652 1 -0.0212870180886627
"evm.TU.HIC_ASM_2.71" -0.0434782608695652 -0.0434782608695652 -0.0434782608695652 -0.0434782608695652 1 -0.0434782608695652 -0.0434782608695652 -0.0212870180886626
"evm.TU.HIC_ASM_2.774" -0.0434782608695652 -0.0434782608695652 -0.0434782608695652 -0.0434782608695652 -0.0434782608695652 1 -0.0434782608695652 -0.0212870180886626
"evm.TU.HIC_ASM_2.794" -0.0434782608695653 -0.0434782608695652 -0.0434782608695652 -0.0434782608695653 -0.0434782608695652 -0.0434782608695652 -0.0434782608695653 -0.231918008488026
"evm.TU.HIC_ASM_2.812" -0.0434782608695652 -0.0434782608695652 1 -0.0434782608695652 -0.0434782608695652 -0.0434782608695652 -0.0434782608695652 -0.0212870180886626
"evm.TU.HIC_ASM_2.893" -0.0434782608695653 -0.0434782608695652 -0.0434782608695652 -0.0434782608695653 -0.0434782608695652 -0.0434782608695652 1 -0.0212870180886627
"evm.TU.HIC_ASM_3.1076" -0.0434782608695652 -0.0434782608695652 1 -0.0434782608695652 -0.0434782608695652 -0.0434782608695652 -0.0434782608695652 -0.0212870180886626
"evm.TU.HIC_ASM_3.1131" -0.0434782608695653 -0.0434782608695652 -0.0434782608695652 -0.0434782608695653 -0.0434782608695652 -0.0434782608695652 1 -0.0212870180886627
"evm.TU.HIC_ASM_3.1245" -0.0434782608695652 -0.0434782608695652 -0.0434782608695652 -0.0434782608695652 -0.0434782608695652 -0.0434782608695652 -0.0434782608695652 -0.0305294274953116
"evm.TU.HIC_ASM_3.136" -0.0434782608695652 -0.0434782608695652 -0.0434782608695652 -0.0434782608695652 -0.0434782608695652 -0.0434782608695652 -0.0434782608695652 -0.0322814232955456
"evm.TU.HIC_ASM_3.1383" 1 -0.0434782608695652 -0.0434782608695652 -0.0434782608695652 -0.0434782608695652 -0.0434782608695652 -0.0434782608695652 -0.0212870180886626
"evm.TU.HIC_ASM_3.142" -0.0434782608695652 -0.0434782608695652 -0.0434782608695652 -0.0434782608695652 -0.0434782608695652 -0.0434782608695652 -0.0434782608695652 -0.0452713982263761
"evm.TU.HIC_ASM_3.16" -0.0434782608695652 -0.0434782608695652 -0.0434782608695652 -0.0434782608695652 1 -0.0434782608695652 -0.0434782608695652 -0.0212870180886626
"evm.TU.HIC_ASM_3.1763" -0.0434782608695652 -0.0434782608695652 -0.0434782608695652 -0.0434782608695652 -0.0434782608695652 1 -0.0434782608695652 -0.0212870180886626
"evm.TU.HIC_ASM_3.1799" -0.0434782608695653 -0.0434782608695652 -0.0434782608695652 -0.0434782608695653 -0.0434782608695652 -0.0434782608695652 -0.0434782608695653 -0.231918008488026
"evm.TU.HIC_ASM_3.181" -0.0434782608695652 -0.0434782608695652 -0.0434782608695652 -0.0434782608695652 -0.0434782608695652 -0.0434782608695652 -0.0434782608695652 -0.0757550776747198
"evm.TU.HIC_ASM_3.1879" -0.0434782608695652 -0.0434782608695652 -0.0434782608695652 -0.0434782608695652 1 -0.0434782608695652 -0.0434782608695652 -0.0212870180886626
"evm.TU.HIC_ASM_3.1969" -0.0434782608695652 1 -0.0434782608695652 -0.0434782608695652 -0.0434782608695652 -0.0434782608695652 -0.0434782608695652 -0.0212870180886626
"evm.TU.HIC_ASM_3.1998" -0.0434782608695652 -0.0434782608695652 -0.0434782608695652 -0.0434782608695652 -0.0434782608695652 -0.0434782608695652 -0.0434782608695652 -0.0418993561625171
"evm.TU.HIC_ASM_3.411" -0.0434782608695652 -0.0434782608695652 -0.0434782608695652 -0.0434782608695652 -0.0434782608695652 -0.0434782608695652 -0.0434782608695652 0.979171782077841
"evm.TU.HIC_ASM_3.477" -0.0434782608695652 -0.0434782608695652 -0.0434782608695652 -0.0434782608695653 -0.0434782608695652 -0.0434782608695652 -0.0434782608695653 -0.0539561302892038
"evm.TU.HIC_ASM_3.538" -0.0434782608695652 -0.0434782608695652 -0.0434782608695652 -0.0434782608695653 -0.0434782608695652 -0.0434782608695652 -0.0434782608695653 -0.0539561302892038
"evm.TU.HIC_ASM_3.617" -0.0434782608695652 -0.0434782608695652 -0.0434782608695652 -0.0434782608695652 -0.0434782608695652 -0.0434782608695652 -0.0434782608695652 -0.0452713982263761
"evm.TU.HIC_ASM_3.729" -0.0434782608695653 -0.0434782608695652 -0.0434782608695652 -0.0434782608695653 -0.0434782608695652 -0.0434782608695652 1 -0.0212870180886627
"evm.TU.HIC_ASM_3.853" -0.0434782608695653 -0.0434782608695652 -0.0434782608695652 -0.0434782608695653 -0.0434782608695652 -0.0434782608695652 1 -0.0212870180886627
"evm.TU.HIC_ASM_3.917" -0.0434782608695652 -0.0434782608695652 -0.0434782608695652 -0.0434782608695652 -0.0434782608695652 -0.0434782608695652 -0.0434782608695652 -0.0364668816363058
"evm.TU.HIC_ASM_3.954" -0.0434782608695652 -0.0434782608695652 -0.0434782608695652 1 -0.0434782608695652 -0.0434782608695652 -0.0434782608695653 -0.0212870180886627
"evm.TU.HIC_ASM_4.1405" -0.0434782608695652 -0.0434782608695652 -0.0434782608695652 -0.0434782608695652 -0.0434782608695652 -0.0434782608695652 -0.0434782608695652 -0.0418993561625171
"evm.TU.HIC_ASM_4.1515" -0.0434782608695652 -0.0434782608695652 -0.0434782608695652 -0.0434782608695652 -0.0434782608695652 -0.0434782608695652 -0.0434782608695652 -0.0757550776747204
"evm.TU.HIC_ASM_4.1523" -0.0434782608695652 -0.0434782608695652 -0.0434782608695652 -0.0434782608695652 -0.0434782608695652 -0.0434782608695652 -0.0434782608695652 -0.0322814232955456
"evm.TU.HIC_ASM_4.1552" -0.0434782608695652 -0.0434782608695652 -0.0434782608695652 1 -0.0434782608695652 -0.0434782608695652 -0.0434782608695653 -0.0212870180886627
"evm.TU.HIC_ASM_4.1688" -0.0434782608695652 -0.0434782608695652 -0.0434782608695652 -0.0434782608695652 -0.0434782608695652 -0.0434782608695652 -0.0434782608695652 -0.0757550776747204
"evm.TU.HIC_ASM_4.169" -0.0434782608695652 -0.0434782608695652 -0.0434782608695652 -0.0434782608695652 -0.0434782608695652 1 -0.0434782608695652 -0.0212870180886626
"evm.TU.HIC_ASM_4.1715" -0.0434782608695652 -0.0434782608695652 -0.0434782608695652 -0.0434782608695652 -0.0434782608695652 -0.0434782608695652 -0.0434782608695652 -0.0305294274953116
"evm.TU.HIC_ASM_4.1740" -0.0434782608695652 -0.0434782608695652 -0.0434782608695652 -0.0434782608695652 -0.0434782608695652 -0.0434782608695652 -0.0434782608695652 -0.0757550776747198
"evm.TU.HIC_ASM_4.1752" -0.0434782608695652 -0.0434782608695652 -0.0434782608695652 1 -0.0434782608695652 -0.0434782608695652 -0.0434782608695653 -0.0212870180886627
"evm.TU.HIC_ASM_4.294" -0.0434782608695652 -0.0434782608695652 -0.0434782608695652 -0.0434782608695652 -0.0434782608695652 -0.0434782608695652 -0.0434782608695652 -0.038994824933114
"evm.TU.HIC_ASM_4.414" -0.0434782608695652 -0.0434782608695652 -0.0434782608695652 -0.0434782608695652 -0.0434782608695652 -0.0434782608695652 -0.0434782608695652 -0.0305294274953116
"evm.TU.HIC_ASM_4.475" -0.0434782608695652 -0.0434782608695652 -0.0434782608695652 -0.0434782608695652 -0.0434782608695652 -0.0434782608695652 -0.0434782608695652 -0.0757550776747204
"evm.TU.HIC_ASM_4.49" -0.0434782608695652 -0.0434782608695652 -0.0434782608695652 -0.0434782608695652 -0.0434782608695652 1 -0.0434782608695652 -0.0212870180886626
"evm.TU.HIC_ASM_4.522" -0.0434782608695652 -0.0434782608695652 -0.0434782608695652 1 -0.0434782608695652 -0.0434782608695652 -0.0434782608695653 -0.0212870180886627
"evm.TU.HIC_ASM_4.561" -0.0434782608695652 -0.0434782608695652 -0.0434782608695652 -0.0434782608695652 -0.0434782608695652 -0.0434782608695652 -0.0434782608695652 0.979171782077841
"evm.TU.HIC_ASM_4.770" -0.0434782608695653 -0.0434782608695652 -0.0434782608695652 -0.0434782608695653 -0.0434782608695652 -0.0434782608695652 -0.0434782608695653 -0.231918008488026
"evm.TU.HIC_ASM_4.860" -0.0434782608695652 -0.0434782608695652 -0.0434782608695652 -0.0434782608695652 1 -0.0434782608695652 -0.0434782608695652 -0.0212870180886626
"evm.TU.HIC_ASM_4.875" -0.0434782608695652 -0.0434782608695652 -0.0434782608695652 -0.0434782608695652 -0.0434782608695652 -0.0434782608695652 -0.0434782608695652 -0.0757550776747204
"evm.TU.HIC_ASM_4.889" -0.0434782608695653 -0.0434782608695652 -0.0434782608695652 -0.0434782608695653 -0.0434782608695652 -0.0434782608695652 1 -0.0212870180886627
"evm.TU.HIC_ASM_4.981" -0.0434782608695652 -0.0434782608695652 -0.0434782608695652 -0.0434782608695652 1 -0.0434782608695652 -0.0434782608695652 -0.0212870180886626
"evm.TU.HIC_ASM_5.1025" -0.0434782608695652 -0.0434782608695652 -0.0434782608695652 1 -0.0434782608695652 -0.0434782608695652 -0.0434782608695653 -0.0212870180886627
"evm.TU.HIC_ASM_5.1193" -0.0434782608695652 -0.0434782608695652 -0.0434782608695652 -0.0434782608695652 -0.0434782608695652 1 -0.0434782608695652 -0.0212870180886626
"evm.TU.HIC_ASM_5.1278" -0.0434782608695652 -0.0434782608695652 -0.0434782608695652 1 -0.0434782608695652 -0.0434782608695652 -0.0434782608695653 -0.0212870180886627
"evm.TU.HIC_ASM_5.1322" -0.0434782608695652 -0.0434782608695652 -0.0434782608695652 -0.0434782608695652 1 -0.0434782608695652 -0.0434782608695652 -0.0212870180886626
"evm.TU.HIC_ASM_5.186" -0.0434782608695652 -0.0434782608695652 -0.0434782608695652 -0.0434782608695652 -0.0434782608695652 -0.0434782608695652 -0.0434782608695652 0.979171782077841
"evm.TU.HIC_ASM_5.260" -0.0434782608695652 -0.0434782608695652 -0.0434782608695652 -0.0434782608695652 -0.0434782608695652 -0.0434782608695652 -0.0434782608695652 -0.0418993561625171
"evm.TU.HIC_ASM_5.268" -0.0434782608695652 -0.0434782608695652 -0.0434782608695652 1 -0.0434782608695652 -0.0434782608695652 -0.0434782608695653 -0.0212870180886627
"evm.TU.HIC_ASM_5.296" -0.0434782608695652 -0.0434782608695652 -0.0434782608695652 -0.0434782608695652 1 -0.0434782608695652 -0.0434782608695652 -0.0212870180886626
"evm.TU.HIC_ASM_5.442" -0.0434782608695652 -0.0434782608695652 -0.0434782608695652 1 -0.0434782608695652 -0.0434782608695652 -0.0434782608695653 -0.0212870180886627
"evm.TU.HIC_ASM_5.458" -0.0434782608695652 -0.0434782608695652 -0.0434782608695652 -0.0434782608695652 -0.0434782608695652 -0.0434782608695652 -0.0434782608695652 -0.0452713982263761
"evm.TU.HIC_ASM_5.50" -0.0434782608695652 -0.0434782608695652 -0.0434782608695652 1 -0.0434782608695652 -0.0434782608695652 -0.0434782608695653 -0.0212870180886627
"evm.TU.HIC_ASM_5.529" -0.0434782608695653 -0.0434782608695652 -0.0434782608695652 -0.0434782608695653 -0.0434782608695652 -0.0434782608695652 1 -0.0212870180886627
"evm.TU.HIC_ASM_5.563" -0.0434782608695652 1 -0.0434782608695652 -0.0434782608695652 -0.0434782608695652 -0.0434782608695652 -0.0434782608695652 -0.0212870180886626
"evm.TU.HIC_ASM_5.692" -0.0434782608695652 -0.0434782608695652 -0.0434782608695652 1 -0.0434782608695652 -0.0434782608695652 -0.0434782608695653 -0.0212870180886627
"evm.TU.HIC_ASM_5.885" -0.0434782608695652 -0.0434782608695652 -0.0434782608695652 -0.0434782608695652 -0.0434782608695652 -0.0434782608695652 -0.0434782608695652 0.979171782077841
"evm.TU.HIC_ASM_5.907" 1 -0.0434782608695652 -0.0434782608695652 -0.0434782608695652 -0.0434782608695652 -0.0434782608695652 -0.0434782608695652 -0.0212870180886626
"evm.TU.HIC_ASM_6.1091" 1 -0.0434782608695652 -0.0434782608695652 -0.0434782608695652 -0.0434782608695652 -0.0434782608695652 -0.0434782608695652 -0.0212870180886626
"evm.TU.HIC_ASM_6.1213" -0.0434782608695653 -0.0434782608695652 -0.0434782608695652 -0.0434782608695653 -0.0434782608695652 -0.0434782608695652 1 -0.0212870180886627
"evm.TU.HIC_ASM_6.1219" -0.0434782608695652 -0.0434782608695652 -0.0434782608695652 -0.0434782608695652 -0.0434782608695652 -0.0434782608695652 -0.0434782608695652 0.979171782077841
"evm.TU.HIC_ASM_6.1301" -0.0434782608695652 -0.0434782608695652 -0.0434782608695652 -0.0434782608695652 1 -0.0434782608695652 -0.0434782608695652 -0.0212870180886626
"evm.TU.HIC_ASM_6.137" 1 -0.0434782608695652 -0.0434782608695652 -0.0434782608695652 -0.0434782608695652 -0.0434782608695652 -0.0434782608695652 -0.0212870180886626
"evm.TU.HIC_ASM_6.1438" -0.0434782608695652 -0.0434782608695652 -0.0434782608695652 -0.0434782608695652 -0.0434782608695652 -0.0434782608695652 -0.0434782608695652 -0.0305294274953115
"evm.TU.HIC_ASM_6.1507" -0.0434782608695652 -0.0434782608695652 -0.0434782608695652 -0.0434782608695652 -0.0434782608695652 -0.0434782608695652 -0.0434782608695652 0.979171782077841
"evm.TU.HIC_ASM_6.153" -0.0434782608695652 -0.0434782608695652 -0.0434782608695652 -0.0434782608695652 -0.0434782608695652 1 -0.0434782608695652 -0.0212870180886626
"evm.TU.HIC_ASM_6.1640" -0.0434782608695652 -0.0434782608695652 -0.0434782608695652 -0.0434782608695652 -0.0434782608695652 -0.0434782608695652 -0.0434782608695652 -0.0322814232955456
"evm.TU.HIC_ASM_6.177" -0.0434782608695652 -0.0434782608695652 -0.0434782608695652 -0.0434782608695653 -0.0434782608695652 -0.0434782608695652 -0.0434782608695653 -0.028957812589245
"evm.TU.HIC_ASM_6.1957" -0.0434782608695652 -0.0434782608695652 -0.0434782608695652 -0.0434782608695652 -0.0434782608695652 -0.0434782608695652 -0.0434782608695652 -0.0322814232955456
"evm.TU.HIC_ASM_6.1993" -0.0434782608695652 -0.0434782608695652 -0.0434782608695652 -0.0434782608695652 -0.0434782608695652 -0.0434782608695652 -0.0434782608695652 -0.0322814232955457
"evm.TU.HIC_ASM_6.200" -0.0434782608695652 -0.0434782608695652 -0.0434782608695652 -0.0434782608695652 -0.0434782608695652 -0.0434782608695652 -0.0434782608695652 -0.0305294274953115
"evm.TU.HIC_ASM_6.2069" 1 -0.0434782608695652 -0.0434782608695652 -0.0434782608695652 -0.0434782608695652 -0.0434782608695652 -0.0434782608695652 -0.0212870180886626
"evm.TU.HIC_ASM_6.2095" -0.0434782608695652 -0.0434782608695652 -0.0434782608695652 -0.0434782608695653 -0.0434782608695652 -0.0434782608695652 -0.0434782608695653 -0.028957812589245
"evm.TU.HIC_ASM_6.2098" -0.0434782608695652 -0.0434782608695652 -0.0434782608695652 -0.0434782608695652 -0.0434782608695652 -0.0434782608695652 -0.0434782608695652 -0.0322814232955456
"evm.TU.HIC_ASM_6.2121" -0.0434782608695652 -0.0434782608695652 -0.0434782608695652 -0.0434782608695652 -0.0434782608695652 1 -0.0434782608695652 -0.0212870180886626
"evm.TU.HIC_ASM_6.214" -0.0434782608695652 -0.0434782608695652 -0.0434782608695652 -0.0434782608695652 -0.0434782608695652 1 -0.0434782608695652 -0.0212870180886626
"evm.TU.HIC_ASM_6.2154" -0.0434782608695652 -0.0434782608695652 -0.0434782608695652 -0.0434782608695652 -0.0434782608695652 1 -0.0434782608695652 -0.0212870180886626
"evm.TU.HIC_ASM_6.2160" -0.0434782608695652 1 -0.0434782608695652 -0.0434782608695652 -0.0434782608695652 -0.0434782608695652 -0.0434782608695652 -0.0212870180886626
"evm.TU.HIC_ASM_6.2164" -0.0434782608695652 -0.0434782608695652 -0.0434782608695652 -0.0434782608695652 -0.0434782608695652 -0.0434782608695652 -0.0434782608695652 -0.0364668816363058
"evm.TU.HIC_ASM_6.2283" -0.0434782608695652 -0.0434782608695652 -0.0434782608695652 -0.0434782608695652 -0.0434782608695652 -0.0434782608695652 -0.0434782608695652 0.979171782077841
"evm.TU.HIC_ASM_6.2386" -0.0434782608695652 -0.0434782608695652 -0.0434782608695652 -0.0434782608695652 -0.0434782608695652 -0.0434782608695652 -0.0434782608695652 -0.0418993561625171
"evm.TU.HIC_ASM_6.2395" 1 -0.0434782608695652 -0.0434782608695652 -0.0434782608695652 -0.0434782608695652 -0.0434782608695652 -0.0434782608695652 -0.0212870180886626
"evm.TU.HIC_ASM_6.2529" -0.0434782608695652 -0.0434782608695652 -0.0434782608695652 1 -0.0434782608695652 -0.0434782608695652 -0.0434782608695653 -0.0212870180886627
"evm.TU.HIC_ASM_6.2534" -0.0434782608695652 -0.0434782608695652 -0.0434782608695652 -0.0434782608695652 -0.0434782608695652 -0.0434782608695652 -0.0434782608695652 -0.0322814232955457
"evm.TU.HIC_ASM_6.26" -0.0434782608695652 -0.0434782608695652 -0.0434782608695652 1 -0.0434782608695652 -0.0434782608695652 -0.0434782608695653 -0.0212870180886627
"evm.TU.HIC_ASM_6.2683" -0.0434782608695653 -0.0434782608695652 -0.0434782608695652 -0.0434782608695653 -0.0434782608695652 -0.0434782608695652 1 -0.0212870180886627
"evm.TU.HIC_ASM_6.2751" -0.0434782608695652 -0.0434782608695652 1 -0.0434782608695652 -0.0434782608695652 -0.0434782608695652 -0.0434782608695652 -0.0212870180886626
"evm.TU.HIC_ASM_6.2810" 1 -0.0434782608695652 -0.0434782608695652 -0.0434782608695652 -0.0434782608695652 -0.0434782608695652 -0.0434782608695652 -0.0212870180886626
"evm.TU.HIC_ASM_6.298" 1 -0.0434782608695652 -0.0434782608695652 -0.0434782608695652 -0.0434782608695652 -0.0434782608695652 -0.0434782608695652 -0.0212870180886626
"evm.TU.HIC_ASM_6.2990" -0.0434782608695652 1 -0.0434782608695652 -0.0434782608695652 -0.0434782608695652 -0.0434782608695652 -0.0434782608695652 -0.0212870180886626
"evm.TU.HIC_ASM_6.3028" -0.0434782608695653 -0.0434782608695652 -0.0434782608695652 -0.0434782608695653 -0.0434782608695652 -0.0434782608695652 1 -0.0212870180886627
"evm.TU.HIC_ASM_6.3034" -0.0434782608695653 -0.0434782608695652 -0.0434782608695652 -0.0434782608695653 -0.0434782608695652 -0.0434782608695652 -0.0434782608695653 -0.231918008488026
"evm.TU.HIC_ASM_6.3035" -0.0434782608695653 -0.0434782608695652 -0.0434782608695652 -0.0434782608695653 -0.0434782608695652 -0.0434782608695652 -0.0434782608695653 -0.231918008488026
"evm.TU.HIC_ASM_6.3091" -0.0434782608695652 -0.0434782608695652 -0.0434782608695652 -0.0434782608695652 -0.0434782608695652 -0.0434782608695652 -0.0434782608695652 -0.0452713982263761
"evm.TU.HIC_ASM_6.3100" -0.0434782608695652 -0.0434782608695652 -0.0434782608695652 -0.0434782608695652 -0.0434782608695652 -0.0434782608695652 -0.0434782608695652 -0.0240131505454351
"evm.TU.HIC_ASM_6.3122" -0.0434782608695652 -0.0434782608695652 -0.0434782608695652 -0.0434782608695652 -0.0434782608695652 -0.0434782608695652 -0.0434782608695652 -0.0757550776747198
"evm.TU.HIC_ASM_6.3161" -0.0434782608695652 -0.0434782608695652 -0.0434782608695652 -0.0434782608695652 -0.0434782608695652 -0.0434782608695652 -0.0434782608695652 -0.0364668816363058
"evm.TU.HIC_ASM_6.320" -0.0434782608695652 -0.0434782608695652 -0.0434782608695652 -0.0434782608695652 -0.0434782608695652 -0.0434782608695652 -0.0434782608695652 -0.0418993561625171
"evm.TU.HIC_ASM_6.3206" -0.0434782608695652 -0.0434782608695652 -0.0434782608695652 -0.0434782608695652 -0.0434782608695652 -0.0434782608695652 -0.0434782608695652 -0.0275400851103895
"evm.TU.HIC_ASM_6.3207" -0.0434782608695653 -0.0434782608695652 -0.0434782608695652 -0.0434782608695653 -0.0434782608695652 -0.0434782608695652 -0.0434782608695653 -0.231918008488026
"evm.TU.HIC_ASM_6.3416" -0.0434782608695652 1 -0.0434782608695652 -0.0434782608695652 -0.0434782608695652 -0.0434782608695652 -0.0434782608695652 -0.0212870180886626
"evm.TU.HIC_ASM_6.3428" 1 -0.0434782608695652 -0.0434782608695652 -0.0434782608695652 -0.0434782608695652 -0.0434782608695652 -0.0434782608695652 -0.0212870180886626
"evm.TU.HIC_ASM_6.367" -0.0434782608695652 -0.0434782608695652 -0.0434782608695652 -0.0434782608695652 1 -0.0434782608695652 -0.0434782608695652 -0.0212870180886626
"evm.TU.HIC_ASM_6.3675" -0.0434782608695652 1 -0.0434782608695652 -0.0434782608695652 -0.0434782608695652 -0.0434782608695652 -0.0434782608695652 -0.0212870180886626
"evm.TU.HIC_ASM_6.3709" -0.0434782608695652 -0.0434782608695652 -0.0434782608695652 -0.0434782608695652 -0.0434782608695652 1 -0.0434782608695652 -0.0212870180886626
"evm.TU.HIC_ASM_6.3802" -0.0434782608695652 -0.0434782608695652 -0.0434782608695652 -0.0434782608695652 -0.0434782608695652 1 -0.0434782608695652 -0.0212870180886626
"evm.TU.HIC_ASM_6.3875" -0.0434782608695652 -0.0434782608695652 1 -0.0434782608695652 -0.0434782608695652 -0.0434782608695652 -0.0434782608695652 -0.0212870180886626
"evm.TU.HIC_ASM_6.3886" -0.0434782608695652 -0.0434782608695652 -0.0434782608695652 -0.0434782608695652 -0.0434782608695652 -0.0434782608695652 -0.0434782608695652 -0.0452713982263761
"evm.TU.HIC_ASM_6.3887" -0.0434782608695652 -0.0434782608695652 -0.0434782608695652 -0.0434782608695652 -0.0434782608695652 -0.0434782608695652 -0.0434782608695652 0.979171782077841
"evm.TU.HIC_ASM_6.3891" -0.0434782608695652 -0.0434782608695652 -0.0434782608695652 -0.0434782608695652 1 -0.0434782608695652 -0.0434782608695652 -0.0212870180886626
"evm.TU.HIC_ASM_6.3923" -0.0434782608695652 -0.0434782608695652 -0.0434782608695652 -0.0434782608695652 -0.0434782608695652 1 -0.0434782608695652 -0.0212870180886626
"evm.TU.HIC_ASM_6.3953" -0.0434782608695653 -0.0434782608695652 -0.0434782608695652 -0.0434782608695653 -0.0434782608695652 -0.0434782608695652 -0.0434782608695653 -0.231918008488026
"evm.TU.HIC_ASM_6.3969" -0.0434782608695652 1 -0.0434782608695652 -0.0434782608695652 -0.0434782608695652 -0.0434782608695652 -0.0434782608695652 -0.0212870180886626
"evm.TU.HIC_ASM_6.4024" -0.0434782608695652 -0.0434782608695652 1 -0.0434782608695652 -0.0434782608695652 -0.0434782608695652 -0.0434782608695652 -0.0212870180886626
"evm.TU.HIC_ASM_6.4057" -0.0434782608695653 -0.0434782608695652 -0.0434782608695652 -0.0434782608695653 -0.0434782608695652 -0.0434782608695652 -0.0434782608695653 -0.231918008488026
"evm.TU.HIC_ASM_6.4137" -0.0434782608695652 -0.0434782608695652 -0.0434782608695652 -0.0434782608695652 -0.0434782608695652 -0.0434782608695652 -0.0434782608695652 -0.0322814232955457
"evm.TU.HIC_ASM_6.4154" -0.0434782608695653 -0.0434782608695652 -0.0434782608695652 -0.0434782608695653 -0.0434782608695652 -0.0434782608695652 1 -0.0212870180886627
"evm.TU.HIC_ASM_6.4171" -0.0434782608695652 -0.0434782608695652 -0.0434782608695652 -0.0434782608695652 -0.0434782608695652 1 -0.0434782608695652 -0.0212870180886626
"evm.TU.HIC_ASM_6.441" 1 -0.0434782608695652 -0.0434782608695652 -0.0434782608695652 -0.0434782608695652 -0.0434782608695652 -0.0434782608695652 -0.0212870180886626
"evm.TU.HIC_ASM_6.634" -0.0434782608695652 -0.0434782608695652 1 -0.0434782608695652 -0.0434782608695652 -0.0434782608695652 -0.0434782608695652 -0.0212870180886626
"evm.TU.HIC_ASM_6.674" -0.0434782608695652 -0.0434782608695652 -0.0434782608695652 -0.0434782608695652 -0.0434782608695652 1 -0.0434782608695652 -0.0212870180886626
"evm.TU.HIC_ASM_7.105" -0.0434782608695653 -0.0434782608695652 -0.0434782608695652 -0.0434782608695653 -0.0434782608695652 -0.0434782608695652 -0.0434782608695653 -0.231918008488026
"evm.TU.HIC_ASM_7.1420" -0.0434782608695652 -0.0434782608695652 -0.0434782608695652 1 -0.0434782608695652 -0.0434782608695652 -0.0434782608695653 -0.0212870180886627
"evm.TU.HIC_ASM_7.1626" -0.0434782608695652 -0.0434782608695652 1 -0.0434782608695652 -0.0434782608695652 -0.0434782608695652 -0.0434782608695652 -0.0212870180886626
"evm.TU.HIC_ASM_7.1643" -0.0434782608695652 1 -0.0434782608695652 -0.0434782608695652 -0.0434782608695652 -0.0434782608695652 -0.0434782608695652 -0.0212870180886626
"evm.TU.HIC_ASM_7.1774" -0.0434782608695652 1 -0.0434782608695652 -0.0434782608695652 -0.0434782608695652 -0.0434782608695652 -0.0434782608695652 -0.0212870180886626
"evm.TU.HIC_ASM_7.1776" -0.0434782608695653 -0.0434782608695652 -0.0434782608695652 -0.0434782608695653 -0.0434782608695652 -0.0434782608695652 1 -0.0212870180886627
"evm.TU.HIC_ASM_7.1794" -0.0434782608695652 -0.0434782608695652 -0.0434782608695652 -0.0434782608695652 -0.0434782608695652 1 -0.0434782608695652 -0.0212870180886626
"evm.TU.HIC_ASM_7.18" -0.0434782608695653 -0.0434782608695652 -0.0434782608695652 -0.0434782608695653 -0.0434782608695652 -0.0434782608695652 -0.0434782608695653 -0.231918008488026
"evm.TU.HIC_ASM_7.1829" -0.0434782608695652 -0.0434782608695652 -0.0434782608695652 -0.0434782608695652 -0.0434782608695652 -0.0434782608695652 -0.0434782608695652 -0.0305294274953115
"evm.TU.HIC_ASM_7.1856" -0.0434782608695652 -0.0434782608695652 -0.0434782608695652 -0.0434782608695652 -0.0434782608695652 1 -0.0434782608695652 -0.0212870180886626
"evm.TU.HIC_ASM_7.1885" -0.0434782608695652 1 -0.0434782608695652 -0.0434782608695652 -0.0434782608695652 -0.0434782608695652 -0.0434782608695652 -0.0212870180886626
"evm.TU.HIC_ASM_7.2008" -0.0434782608695652 -0.0434782608695652 1 -0.0434782608695652 -0.0434782608695652 -0.0434782608695652 -0.0434782608695652 -0.0212870180886626
"evm.TU.HIC_ASM_7.2022" -0.0434782608695652 -0.0434782608695652 -0.0434782608695652 -0.0434782608695652 -0.0434782608695652 -0.0434782608695652 -0.0434782608695652 -0.0757550776747198
"evm.TU.HIC_ASM_7.2031" -0.0434782608695652 -0.0434782608695652 -0.0434782608695652 -0.0434782608695652 -0.0434782608695652 1 -0.0434782608695652 -0.0212870180886626
"evm.TU.HIC_ASM_7.2083" -0.0434782608695652 -0.0434782608695652 -0.0434782608695652 -0.0434782608695652 -0.0434782608695652 -0.0434782608695652 -0.0434782608695652 -0.0757550776747204
"evm.TU.HIC_ASM_7.209" -0.0434782608695652 -0.0434782608695652 -0.0434782608695652 -0.0434782608695652 1 -0.0434782608695652 -0.0434782608695652 -0.0212870180886626
"evm.TU.HIC_ASM_7.2167" -0.0434782608695652 -0.0434782608695652 -0.0434782608695652 -0.0434782608695652 -0.0434782608695652 1 -0.0434782608695652 -0.0212870180886626
"evm.TU.HIC_ASM_7.2173" 1 -0.0434782608695652 -0.0434782608695652 -0.0434782608695652 -0.0434782608695652 -0.0434782608695652 -0.0434782608695652 -0.0212870180886626
"evm.TU.HIC_ASM_7.2401" -0.0434782608695652 -0.0434782608695652 -0.0434782608695652 -0.0434782608695652 1 -0.0434782608695652 -0.0434782608695652 -0.0212870180886626
"evm.TU.HIC_ASM_7.251" -0.0434782608695652 -0.0434782608695652 -0.0434782608695652 -0.0434782608695653 -0.0434782608695652 -0.0434782608695652 -0.0434782608695653 -0.0539561302892038
"evm.TU.HIC_ASM_7.470" -0.0434782608695652 -0.0434782608695652 -0.0434782608695652 -0.0434782608695652 -0.0434782608695652 -0.0434782608695652 -0.0434782608695652 -0.0757550776747198
"evm.TU.HIC_ASM_7.562" -0.0434782608695652 -0.0434782608695652 -0.0434782608695652 -0.0434782608695652 -0.0434782608695652 -0.0434782608695652 -0.0434782608695652 -0.0305294274953115
"evm.TU.HIC_ASM_7.58" -0.0434782608695652 -0.0434782608695652 -0.0434782608695652 -0.0434782608695652 -0.0434782608695652 -0.0434782608695652 -0.0434782608695652 0.979171782077841
"evm.TU.HIC_ASM_7.682" -0.0434782608695652 -0.0434782608695652 1 -0.0434782608695652 -0.0434782608695652 -0.0434782608695652 -0.0434782608695652 -0.0212870180886626
"evm.TU.HIC_ASM_7.707" -0.0434782608695652 -0.0434782608695652 -0.0434782608695652 -0.0434782608695652 -0.0434782608695652 -0.0434782608695652 -0.0434782608695652 -0.0757550776747198
"evm.TU.HIC_ASM_7.787" -0.0434782608695652 -0.0434782608695652 1 -0.0434782608695652 -0.0434782608695652 -0.0434782608695652 -0.0434782608695652 -0.0212870180886626
"evm.TU.HIC_ASM_7.822" -0.0434782608695652 1 -0.0434782608695652 -0.0434782608695652 -0.0434782608695652 -0.0434782608695652 -0.0434782608695652 -0.0212870180886626
"evm.TU.HIC_ASM_7.890" -0.0434782608695652 -0.0434782608695652 -0.0434782608695652 -0.0434782608695652 -0.0434782608695652 -0.0434782608695652 -0.0434782608695652 -0.038994824933114
"evm.TU.HIC_ASM_7.90" -0.0434782608695652 -0.0434782608695652 -0.0434782608695652 -0.0434782608695652 -0.0434782608695652 -0.0434782608695652 -0.0434782608695652 -0.038994824933114
"evm.TU.HIC_ASM_7.904" -0.0434782608695652 -0.0434782608695652 -0.0434782608695652 -0.0434782608695652 -0.0434782608695652 -0.0434782608695652 -0.0434782608695652 -0.0757550776747198
"evm.TU.HIC_ASM_8.1101" -0.0434782608695652 -0.0434782608695652 -0.0434782608695652 -0.0434782608695652 -0.0434782608695652 -0.0434782608695652 -0.0434782608695652 -0.0364668816363058
"evm.TU.HIC_ASM_8.1182" -0.0434782608695652 -0.0434782608695652 -0.0434782608695652 -0.0434782608695652 -0.0434782608695652 -0.0434782608695652 -0.0434782608695652 -0.0757550776747204
"evm.TU.HIC_ASM_8.1212" -0.0434782608695652 -0.0434782608695652 -0.0434782608695652 -0.0434782608695652 -0.0434782608695652 -0.0434782608695652 -0.0434782608695652 -0.0757550776747198
"evm.TU.HIC_ASM_8.1245" -0.0434782608695653 -0.0434782608695652 -0.0434782608695652 -0.0434782608695653 -0.0434782608695652 -0.0434782608695652 1 -0.0212870180886627
"evm.TU.HIC_ASM_8.1312" -0.0434782608695653 -0.0434782608695652 -0.0434782608695652 -0.0434782608695653 -0.0434782608695652 -0.0434782608695652 1 -0.0212870180886627
"evm.TU.HIC_ASM_8.1425" -0.0434782608695652 -0.0434782608695652 -0.0434782608695652 -0.0434782608695652 -0.0434782608695652 -0.0434782608695652 -0.0434782608695652 -0.0240131505454351
"evm.TU.HIC_ASM_8.1435" -0.0434782608695652 -0.0434782608695652 -0.0434782608695652 -0.0434782608695652 -0.0434782608695652 -0.0434782608695652 -0.0434782608695652 -0.0240131505454351
"evm.TU.HIC_ASM_8.1457" -0.0434782608695652 -0.0434782608695652 -0.0434782608695652 1 -0.0434782608695652 -0.0434782608695652 -0.0434782608695653 -0.0212870180886627
"evm.TU.HIC_ASM_8.1575" -0.0434782608695652 -0.0434782608695652 -0.0434782608695652 -0.0434782608695653 -0.0434782608695652 -0.0434782608695652 -0.0434782608695653 -0.0539561302892038
"evm.TU.HIC_ASM_8.1638" -0.0434782608695652 -0.0434782608695652 -0.0434782608695652 -0.0434782608695652 -0.0434782608695652 -0.0434782608695652 -0.0434782608695652 0.979171782077841
"evm.TU.HIC_ASM_8.1676" -0.0434782608695652 -0.0434782608695652 -0.0434782608695652 -0.0434782608695652 -0.0434782608695652 1 -0.0434782608695652 -0.0212870180886626
"evm.TU.HIC_ASM_8.1809" -0.0434782608695652 -0.0434782608695652 -0.0434782608695652 1 -0.0434782608695652 -0.0434782608695652 -0.0434782608695653 -0.0212870180886627
"evm.TU.HIC_ASM_8.1816" -0.0434782608695652 -0.0434782608695652 1 -0.0434782608695652 -0.0434782608695652 -0.0434782608695652 -0.0434782608695652 -0.0212870180886626
"evm.TU.HIC_ASM_8.1836" -0.0434782608695652 -0.0434782608695652 -0.0434782608695652 -0.0434782608695652 1 -0.0434782608695652 -0.0434782608695652 -0.0212870180886626
"evm.TU.HIC_ASM_8.1841" -0.0434782608695652 -0.0434782608695652 -0.0434782608695652 -0.0434782608695652 -0.0434782608695652 1 -0.0434782608695652 -0.0212870180886626
"evm.TU.HIC_ASM_8.302" -0.0434782608695652 -0.0434782608695652 -0.0434782608695652 -0.0434782608695652 -0.0434782608695652 -0.0434782608695652 -0.0434782608695652 -0.0418993561625171
"evm.TU.HIC_ASM_8.356" -0.0434782608695652 -0.0434782608695652 -0.0434782608695652 -0.0434782608695652 1 -0.0434782608695652 -0.0434782608695652 -0.0212870180886626
"evm.TU.HIC_ASM_8.363" -0.0434782608695652 -0.0434782608695652 -0.0434782608695652 -0.0434782608695652 -0.0434782608695652 -0.0434782608695652 -0.0434782608695652 -0.0757550776747204
"evm.TU.HIC_ASM_8.364" -0.0434782608695653 -0.0434782608695652 -0.0434782608695652 -0.0434782608695653 -0.0434782608695652 -0.0434782608695652 -0.0434782608695653 -0.231918008488026
"evm.TU.HIC_ASM_8.450" 1 -0.0434782608695652 -0.0434782608695652 -0.0434782608695652 -0.0434782608695652 -0.0434782608695652 -0.0434782608695652 -0.0212870180886626
"evm.TU.HIC_ASM_8.451" -0.0434782608695653 -0.0434782608695652 -0.0434782608695652 -0.0434782608695653 -0.0434782608695652 -0.0434782608695652 1 -0.0212870180886627
"evm.TU.HIC_ASM_8.469" -0.0434782608695652 -0.0434782608695652 1 -0.0434782608695652 -0.0434782608695652 -0.0434782608695652 -0.0434782608695652 -0.0212870180886626
"evm.TU.HIC_ASM_8.476" -0.0434782608695652 -0.0434782608695652 -0.0434782608695652 -0.0434782608695653 -0.0434782608695652 -0.0434782608695652 -0.0434782608695653 -0.0539561302892038
"evm.TU.HIC_ASM_8.526" -0.0434782608695652 -0.0434782608695652 1 -0.0434782608695652 -0.0434782608695652 -0.0434782608695652 -0.0434782608695652 -0.0212870180886626
"evm.TU.HIC_ASM_8.591" -0.0434782608695652 -0.0434782608695652 -0.0434782608695652 -0.0434782608695652 -0.0434782608695652 -0.0434782608695652 -0.0434782608695652 -0.0757550776747204
"evm.TU.HIC_ASM_8.628" -0.0434782608695653 -0.0434782608695652 -0.0434782608695652 -0.0434782608695653 -0.0434782608695652 -0.0434782608695652 1 -0.0212870180886627
"evm.TU.HIC_ASM_8.638" -0.0434782608695652 -0.0434782608695652 -0.0434782608695652 1 -0.0434782608695652 -0.0434782608695652 -0.0434782608695653 -0.0212870180886627
"evm.TU.HIC_ASM_8.685" -0.0434782608695652 -0.0434782608695652 -0.0434782608695652 -0.0434782608695652 -0.0434782608695652 -0.0434782608695652 -0.0434782608695652 0.979171782077841
"evm.TU.HIC_ASM_8.70" -0.0434782608695652 -0.0434782608695652 -0.0434782608695652 -0.0434782608695652 -0.0434782608695652 -0.0434782608695652 -0.0434782608695652 -0.0364668816363058
"evm.TU.HIC_ASM_8.738" -0.0434782608695652 1 -0.0434782608695652 -0.0434782608695652 -0.0434782608695652 -0.0434782608695652 -0.0434782608695652 -0.0212870180886626
"evm.TU.HIC_ASM_8.841" 1 -0.0434782608695652 -0.0434782608695652 -0.0434782608695652 -0.0434782608695652 -0.0434782608695652 -0.0434782608695652 -0.0212870180886626
"evm.TU.HIC_ASM_8.889" -0.0434782608695652 -0.0434782608695652 -0.0434782608695652 -0.0434782608695652 -0.0434782608695652 -0.0434782608695652 -0.0434782608695652 -0.0305294274953116
"evm.TU.HIC_ASM_8.899" -0.0434782608695652 -0.0434782608695652 -0.0434782608695652 -0.0434782608695653 -0.0434782608695652 -0.0434782608695652 -0.0434782608695653 -0.0539561302892038
"evm.TU.HIC_ASM_9.1027" 1 -0.0434782608695652 -0.0434782608695652 -0.0434782608695652 -0.0434782608695652 -0.0434782608695652 -0.0434782608695652 -0.0212870180886626
"evm.TU.HIC_ASM_9.1424" 1 -0.0434782608695652 -0.0434782608695652 -0.0434782608695652 -0.0434782608695652 -0.0434782608695652 -0.0434782608695652 -0.0212870180886626
"evm.TU.HIC_ASM_9.157" -0.0434782608695652 -0.0434782608695652 -0.0434782608695652 -0.0434782608695652 1 -0.0434782608695652 -0.0434782608695652 -0.0212870180886626
"evm.TU.HIC_ASM_9.1617" -0.0434782608695652 -0.0434782608695652 -0.0434782608695652 -0.0434782608695652 -0.0434782608695652 -0.0434782608695652 -0.0434782608695652 -0.0757550776747198
"evm.TU.HIC_ASM_9.168" -0.0434782608695653 -0.0434782608695652 -0.0434782608695652 -0.0434782608695653 -0.0434782608695652 -0.0434782608695652 -0.0434782608695653 -0.231918008488026
"evm.TU.HIC_ASM_9.1762" -0.0434782608695652 -0.0434782608695652 -0.0434782608695652 -0.0434782608695653 -0.0434782608695652 -0.0434782608695652 -0.0434782608695653 -0.028957812589245
"evm.TU.HIC_ASM_9.1763" -0.0434782608695652 -0.0434782608695652 -0.0434782608695652 -0.0434782608695652 1 -0.0434782608695652 -0.0434782608695652 -0.0212870180886626
"evm.TU.HIC_ASM_9.1797" -0.0434782608695652 1 -0.0434782608695652 -0.0434782608695652 -0.0434782608695652 -0.0434782608695652 -0.0434782608695652 -0.0212870180886626
"evm.TU.HIC_ASM_9.1849" -0.0434782608695652 -0.0434782608695652 -0.0434782608695652 -0.0434782608695652 -0.0434782608695652 -0.0434782608695652 -0.0434782608695652 -0.0452713982263761
"evm.TU.HIC_ASM_9.1868" -0.0434782608695652 -0.0434782608695652 -0.0434782608695652 -0.0434782608695652 -0.0434782608695652 -0.0434782608695652 -0.0434782608695652 -0.0757550776747204
"evm.TU.HIC_ASM_9.187" -0.0434782608695652 -0.0434782608695652 -0.0434782608695652 -0.0434782608695652 -0.0434782608695652 -0.0434782608695652 -0.0434782608695652 0.979171782077841
"evm.TU.HIC_ASM_9.1943" -0.0434782608695652 -0.0434782608695652 -0.0434782608695652 -0.0434782608695652 -0.0434782608695652 -0.0434782608695652 -0.0434782608695652 -0.038994824933114
"evm.TU.HIC_ASM_9.203" -0.0434782608695652 -0.0434782608695652 -0.0434782608695652 -0.0434782608695652 -0.0434782608695652 -0.0434782608695652 -0.0434782608695652 -0.0418993561625171
"evm.TU.HIC_ASM_9.242" -0.0434782608695652 1 -0.0434782608695652 -0.0434782608695652 -0.0434782608695652 -0.0434782608695652 -0.0434782608695652 -0.0212870180886626
"evm.TU.HIC_ASM_9.366" -0.0434782608695652 -0.0434782608695652 -0.0434782608695652 1 -0.0434782608695652 -0.0434782608695652 -0.0434782608695653 -0.0212870180886627
"evm.TU.HIC_ASM_9.417" -0.0434782608695653 -0.0434782608695652 -0.0434782608695652 -0.0434782608695653 -0.0434782608695652 -0.0434782608695652 -0.0434782608695653 -0.231918008488026
"evm.TU.HIC_ASM_9.495" -0.0434782608695653 -0.0434782608695652 -0.0434782608695652 -0.0434782608695653 -0.0434782608695652 -0.0434782608695652 1 -0.0212870180886627
"evm.TU.HIC_ASM_9.616" -0.0434782608695652 -0.0434782608695652 -0.0434782608695652 -0.0434782608695652 1 -0.0434782608695652 -0.0434782608695652 -0.0212870180886626
"evm.TU.HIC_ASM_9.670" -0.0434782608695652 -0.0434782608695652 -0.0434782608695652 -0.0434782608695652 -0.0434782608695652 -0.0434782608695652 -0.0434782608695652 -0.0452713982263761
"evm.TU.HIC_ASM_9.822" -0.0434782608695652 -0.0434782608695652 -0.0434782608695652 -0.0434782608695652 -0.0434782608695652 -0.0434782608695652 -0.0434782608695652 -0.0305294274953116
"evm.TU.HIC_ASM_9.969" -0.0434782608695652 -0.0434782608695652 -0.0434782608695652 1 -0.0434782608695652 -0.0434782608695652 -0.0434782608695653 -0.0212870180886627
"evm.TU.ORIGINAL_113.11" -0.0434782608695653 -0.0434782608695652 -0.0434782608695652 -0.0434782608695653 -0.0434782608695652 -0.0434782608695652 1 -0.0212870180886627
"evm.TU.ORIGINAL_130.3" -0.0434782608695652 -0.0434782608695652 -0.0434782608695652 -0.0434782608695652 1 -0.0434782608695652 -0.0434782608695652 -0.0212870180886626
"evm.TU.ORIGINAL_130.5" -0.0434782608695652 -0.0434782608695652 -0.0434782608695652 -0.0434782608695652 -0.0434782608695652 -0.0434782608695652 -0.0434782608695652 -0.0275400851103895
"evm.TU.ORIGINAL_154.9" 1 -0.0434782608695652 -0.0434782608695652 -0.0434782608695652 -0.0434782608695652 -0.0434782608695652 -0.0434782608695652 -0.0212870180886626
"evm.TU.ORIGINAL_179__FRAGMENT_1.4" -0.0434782608695652 -0.0434782608695652 -0.0434782608695652 -0.0434782608695652 -0.0434782608695652 -0.0434782608695652 -0.0434782608695652 -0.0322814232955457
"evm.TU.ORIGINAL_200.16" 1 -0.0434782608695652 -0.0434782608695652 -0.0434782608695652 -0.0434782608695652 -0.0434782608695652 -0.0434782608695652 -0.0212870180886626
"evm.TU.ORIGINAL_200.6" -0.0434782608695652 -0.0434782608695652 -0.0434782608695652 -0.0434782608695652 -0.0434782608695652 1 -0.0434782608695652 -0.0212870180886626
"evm.TU.ORIGINAL_247__FRAGMENT_1.11" -0.0434782608695652 -0.0434782608695652 -0.0434782608695652 -0.0434782608695652 -0.0434782608695652 -0.0434782608695652 -0.0434782608695652 -0.0452713982263761
"evm.TU.ORIGINAL_247__FRAGMENT_2.42" -0.0434782608695652 -0.0434782608695652 -0.0434782608695652 -0.0434782608695653 -0.0434782608695652 -0.0434782608695652 -0.0434782608695653 -0.0539561302892038
"evm.TU.ORIGINAL_247__FRAGMENT_2.50" -0.0434782608695652 -0.0434782608695652 -0.0434782608695652 -0.0434782608695653 -0.0434782608695652 -0.0434782608695652 -0.0434782608695653 -0.0539561302892038
"evm.TU.ORIGINAL_247__FRAGMENT_2.53" -0.0434782608695652 -0.0434782608695652 1 -0.0434782608695652 -0.0434782608695652 -0.0434782608695652 -0.0434782608695652 -0.0212870180886626
"evm.TU.ORIGINAL_250.2" -0.0434782608695652 -0.0434782608695652 -0.0434782608695652 -0.0434782608695652 1 -0.0434782608695652 -0.0434782608695652 -0.0212870180886626
"evm.TU.ORIGINAL_268.4" -0.0434782608695652 -0.0434782608695652 -0.0434782608695652 -0.0434782608695652 -0.0434782608695652 -0.0434782608695652 -0.0434782608695652 0.979171782077841
"evm.TU.ORIGINAL_320__FRAGMENT_2.1" -0.0434782608695653 -0.0434782608695652 -0.0434782608695652 -0.0434782608695653 -0.0434782608695652 -0.0434782608695652 -0.0434782608695653 -0.231918008488026
"evm.TU.ORIGINAL_347.2" -0.0434782608695653 -0.0434782608695652 -0.0434782608695652 -0.0434782608695653 -0.0434782608695652 -0.0434782608695652 1 -0.0212870180886627
"evm.TU.ORIGINAL_352.1" -0.0434782608695652 -0.0434782608695652 -0.0434782608695652 -0.0434782608695652 -0.0434782608695652 1 -0.0434782608695652 -0.0212870180886626
"evm.TU.ORIGINAL_354.1" -0.0434782608695652 -0.0434782608695652 -0.0434782608695652 -0.0434782608695652 -0.0434782608695652 -0.0434782608695652 -0.0434782608695652 -0.0757550776747204
"evm.TU.ORIGINAL_355.20" -0.0434782608695652 -0.0434782608695652 -0.0434782608695652 -0.0434782608695652 -0.0434782608695652 -0.0434782608695652 -0.0434782608695652 -0.0322814232955457
"evm.TU.ORIGINAL_355.8" -0.0434782608695652 -0.0434782608695652 -0.0434782608695652 -0.0434782608695652 1 -0.0434782608695652 -0.0434782608695652 -0.0212870180886626
"evm.TU.ORIGINAL_378.22" -0.0434782608695652 -0.0434782608695652 -0.0434782608695652 -0.0434782608695652 -0.0434782608695652 1 -0.0434782608695652 -0.0212870180886626
"evm.TU.ORIGINAL_425.4" 1 -0.0434782608695652 -0.0434782608695652 -0.0434782608695652 -0.0434782608695652 -0.0434782608695652 -0.0434782608695652 -0.0212870180886626
"evm.TU.ORIGINAL_435__FRAGMENT_2.5" -0.0434782608695652 -0.0434782608695652 -0.0434782608695652 -0.0434782608695652 -0.0434782608695652 -0.0434782608695652 -0.0434782608695652 -0.0757550776747198
"evm.TU.ORIGINAL_437__FRAGMENT_2.19" -0.0434782608695653 -0.0434782608695652 -0.0434782608695652 -0.0434782608695653 -0.0434782608695652 -0.0434782608695652 -0.0434782608695653 -0.231918008488026
"evm.TU.ORIGINAL_458.13" -0.0434782608695653 -0.0434782608695652 -0.0434782608695652 -0.0434782608695653 -0.0434782608695652 -0.0434782608695652 -0.0434782608695653 -0.231918008488026
"evm.TU.ORIGINAL_471.3" -0.0434782608695652 -0.0434782608695652 -0.0434782608695652 -0.0434782608695652 -0.0434782608695652 -0.0434782608695652 -0.0434782608695652 -0.0757550776747204
"evm.TU.ORIGINAL_484__FRAGMENT_1.12" -0.0434782608695652 -0.0434782608695652 -0.0434782608695652 -0.0434782608695652 1 -0.0434782608695652 -0.0434782608695652 -0.0212870180886626
"evm.TU.ORIGINAL_484__FRAGMENT_1.7" -0.0434782608695652 -0.0434782608695652 -0.0434782608695652 -0.0434782608695652 -0.0434782608695652 -0.0434782608695652 -0.0434782608695652 0.979171782077841
"evm.TU.ORIGINAL_484__FRAGMENT_2.11" -0.0434782608695652 -0.0434782608695652 -0.0434782608695652 -0.0434782608695652 -0.0434782608695652 -0.0434782608695652 -0.0434782608695652 -0.038994824933114
"evm.TU.ORIGINAL_484__FRAGMENT_2.12" -0.0434782608695652 -0.0434782608695652 -0.0434782608695652 -0.0434782608695652 -0.0434782608695652 -0.0434782608695652 -0.0434782608695652 -0.0452713982263761
"evm.TU.ORIGINAL_488.13" -0.0434782608695653 -0.0434782608695652 -0.0434782608695652 -0.0434782608695653 -0.0434782608695652 -0.0434782608695652 1 -0.0212870180886627
"evm.TU.ORIGINAL_488.3" -0.0434782608695652 -0.0434782608695652 -0.0434782608695652 -0.0434782608695652 -0.0434782608695652 -0.0434782608695652 -0.0434782608695652 -0.038994824933114
"PB.2920" -0.0434782608695652 -0.0434782608695652 -0.0434782608695652 -0.0434782608695652 -0.0434782608695652 -0.0434782608695652 -0.0434782608695652 -0.0305294274953116
"PB.21997" -0.0434782608695652 -0.0434782608695652 -0.0434782608695652 1 -0.0434782608695652 -0.0434782608695652 -0.0434782608695653 -0.0212870180886627
"PB.17396" -0.0434782608695653 -0.0434782608695652 -0.0434782608695652 -0.0434782608695653 -0.0434782608695652 -0.0434782608695652 1 -0.0212870180886627
"PB.16383" -0.0434782608695653 -0.0434782608695652 -0.0434782608695652 -0.0434782608695653 -0.0434782608695652 -0.0434782608695652 -0.0434782608695653 -0.231918008488026
"PB.3397" -0.0434782608695652 -0.0434782608695652 1 -0.0434782608695652 -0.0434782608695652 -0.0434782608695652 -0.0434782608695652 -0.0212870180886626
"PB.3109" -0.0434782608695652 -0.0434782608695652 -0.0434782608695652 1 -0.0434782608695652 -0.0434782608695652 -0.0434782608695653 -0.0212870180886627
"PB.17353" -0.0434782608695652 -0.0434782608695652 -0.0434782608695652 -0.0434782608695652 -0.0434782608695652 -0.0434782608695652 -0.0434782608695652 -0.0757550776747198
"PB.10895" -0.0434782608695652 -0.0434782608695652 1 -0.0434782608695652 -0.0434782608695652 -0.0434782608695652 -0.0434782608695652 -0.0212870180886626
"PB.437" -0.0434782608695652 -0.0434782608695652 -0.0434782608695652 -0.0434782608695652 -0.0434782608695652 -0.0434782608695652 -0.0434782608695652 -0.0757550776747204
"PB.78" 1 -0.0434782608695652 -0.0434782608695652 -0.0434782608695652 -0.0434782608695652 -0.0434782608695652 -0.0434782608695652 -0.0212870180886626
"PB.462" -0.0434782608695653 -0.0434782608695652 -0.0434782608695652 -0.0434782608695653 -0.0434782608695652 -0.0434782608695652 -0.0434782608695653 -0.231918008488026
"PB.23269" -0.0434782608695652 -0.0434782608695652 -0.0434782608695652 1 -0.0434782608695652 -0.0434782608695652 -0.0434782608695653 -0.0212870180886627
"PB.9590" -0.0434782608695652 1 -0.0434782608695652 -0.0434782608695652 -0.0434782608695652 -0.0434782608695652 -0.0434782608695652 -0.0212870180886626
"PB.2816" -0.0434782608695652 -0.0434782608695652 -0.0434782608695652 -0.0434782608695652 -0.0434782608695652 -0.0434782608695652 -0.0434782608695652 0.979171782077841
"PB.13518" -0.0434782608695652 -0.0434782608695652 1 -0.0434782608695652 -0.0434782608695652 -0.0434782608695652 -0.0434782608695652 -0.0212870180886626
"PB.15372" -0.0434782608695652 -0.0434782608695652 -0.0434782608695652 -0.0434782608695652 -0.0434782608695652 -0.0434782608695652 -0.0434782608695652 -0.0364668816363058
"PB.3963" -0.0434782608695652 -0.0434782608695652 -0.0434782608695652 -0.0434782608695652 -0.0434782608695652 -0.0434782608695652 -0.0434782608695652 0.979171782077841
"PB.23690" -0.0434782608695652 -0.0434782608695652 -0.0434782608695652 -0.0434782608695652 -0.0434782608695652 -0.0434782608695652 -0.0434782608695652 -0.0418993561625171
"PB.3" -0.0434782608695652 -0.0434782608695652 -0.0434782608695652 -0.0434782608695652 1 -0.0434782608695652 -0.0434782608695652 -0.0212870180886626
"PB.2901" -0.0434782608695653 -0.0434782608695652 -0.0434782608695652 -0.0434782608695653 -0.0434782608695652 -0.0434782608695652 1 -0.0212870180886627
"PB.4234" -0.0434782608695652 -0.0434782608695652 -0.0434782608695652 -0.0434782608695652 -0.0434782608695652 -0.0434782608695652 -0.0434782608695652 -0.0418993561625171
"PB.1180" -0.0434782608695652 -0.0434782608695652 -0.0434782608695652 1 -0.0434782608695652 -0.0434782608695652 -0.0434782608695653 -0.0212870180886627
"PB.19425" -0.0434782608695652 -0.0434782608695652 -0.0434782608695652 -0.0434782608695652 1 -0.0434782608695652 -0.0434782608695652 -0.0212870180886626
"PB.15920" -0.0434782608695652 -0.0434782608695652 -0.0434782608695652 -0.0434782608695652 -0.0434782608695652 -0.0434782608695652 -0.0434782608695652 -0.0322814232955456
"PB.8161" -0.0434782608695653 -0.0434782608695652 -0.0434782608695652 -0.0434782608695653 -0.0434782608695652 -0.0434782608695652 1 -0.0212870180886627
"PB.20023" -0.0434782608695652 -0.0434782608695652 -0.0434782608695652 1 -0.0434782608695652 -0.0434782608695652 -0.0434782608695653 -0.0212870180886627
"PB.22944" -0.0434782608695653 -0.0434782608695652 -0.0434782608695652 -0.0434782608695653 -0.0434782608695652 -0.0434782608695652 1 -0.0212870180886627
