"MEyellow" "MEturquoise" "MEred" "MEpink" "MEbrown" "MEblue" "MEblack" "MEgreen"
"evm.TU.FRAGSCAFF_21__FRAGMENT_1.14" 0.840132984114933 0.840132984114933 0.840132984114933 0.840132984114933 0 0.840132984114933 0.840132984114933 0.921353919086868
"evm.TU.FRAGSCAFF_26__FRAGMENT_2.5" 0.840132984114933 0.840132984114933 0.840132984114933 0 0.840132984114933 0.840132984114933 0.840132984114933 0.921353919086867
"evm.TU.FRAGSCAFF_36.5" 0.840132984114933 0.840132984114933 0 0.840132984114933 0.840132984114933 0.840132984114933 0.840132984114933 0.921353919086868
"evm.TU.FRAGSCAFF_44__FRAGMENT_2.45" 0.840132984114933 0.840132984114933 0.840132984114933 0.840132984114933 0.840132984114933 0.840132984114933 0.840132984114933 0.865663485821943
"evm.TU.FRAGSCAFF_49__FRAGMENT_1.19" 0.840132984114933 0.840132984114933 0.840132984114933 0.840132984114933 0 0.840132984114933 0.840132984114933 0.921353919086868
"evm.TU.FRAGSCAFF_49__FRAGMENT_2.2" 0.840132984114933 0.840132984114933 0.840132984114933 0.840132984114933 0 0.840132984114933 0.840132984114933 0.921353919086868
"evm.TU.FRAGSCAFF_52__FRAGMENT_3.2" 0.840132984114933 0.840132984114933 0 0.840132984114933 0.840132984114933 0.840132984114933 0.840132984114933 0.921353919086868
"evm.TU.FRAGSCAFF_57__FRAGMENT_2.37" 0.840132984114933 0.840132984114933 0 0.840132984114933 0.840132984114933 0.840132984114933 0.840132984114933 0.921353919086868
"evm.TU.FRAGSCAFF_57__FRAGMENT_2.42" 0.840132984114933 0.840132984114933 0.840132984114933 0.840132984114933 0.840132984114933 0.840132984114933 0.840132984114933 0.72497563135033
"evm.TU.FRAGSCAFF_70__FRAGMENT_2.1" 0.840132984114933 0.840132984114933 0.840132984114933 0.840132984114933 0.840132984114933 0.840132984114933 0.840132984114933 0.845869543056884
"evm.TU.FRAGSCAFF_75__FRAGMENT_3.45" 0.840132984114933 0.840132984114933 0.840132984114933 0 0.840132984114933 0.840132984114933 0.840132984114933 0.921353919086867
"evm.TU.FRAGSCAFF_75__FRAGMENT_3.80" 0.840132984114933 0 0.840132984114933 0.840132984114933 0.840132984114933 0.840132984114933 0.840132984114933 0.921353919086868
"evm.TU.FRAGSCAFF_78__FRAGMENT_1.7" 0.840132984114933 0.840132984114933 0.840132984114933 0.840132984114933 0.840132984114933 0.840132984114933 0.840132984114933 0.72497563135033
"evm.TU.HIC_ASM_0.102" 0.840132984114933 0.840132984114933 0.840132984114933 0.840132984114933 0.840132984114933 0.840132984114933 0.840132984114933 0.89835498288196
"evm.TU.HIC_ASM_0.109" 0.840132984114933 0.840132984114933 0.840132984114933 0.840132984114933 0 0.840132984114933 0.840132984114933 0.921353919086868
"evm.TU.HIC_ASM_0.2" 0 0.840132984114933 0.840132984114933 0.840132984114933 0.840132984114933 0.840132984114933 0.840132984114933 0.921353919086868
"evm.TU.HIC_ASM_0.209" 0.840132984114933 0.840132984114933 0.840132984114933 0.840132984114933 0.840132984114933 0.840132984114933 0 0.921353919086867
"evm.TU.HIC_ASM_0.243" 0.840132984114933 0.840132984114933 0.840132984114933 0.840132984114933 0.840132984114933 0.840132984114933 0.840132984114933 1.00150499296696e-16
"evm.TU.HIC_ASM_0.245" 0.840132984114933 0.840132984114933 0.840132984114933 0.840132984114933 0 0.840132984114933 0.840132984114933 0.921353919086868
"evm.TU.HIC_ASM_0.247" 0.840132984114933 0.840132984114933 0.840132984114933 0.840132984114933 0.840132984114933 0.840132984114933 0.840132984114933 0.856442106061586
"evm.TU.HIC_ASM_0.257" 0.840132984114933 0.840132984114933 0.840132984114933 0.840132984114933 0.840132984114933 0.840132984114933 0.840132984114933 1.00150499296696e-16
"evm.TU.HIC_ASM_0.44" 0.840132984114933 0 0.840132984114933 0.840132984114933 0.840132984114933 0.840132984114933 0.840132984114933 0.921353919086868
"evm.TU.HIC_ASM_0.45" 0.840132984114933 0.840132984114933 0.840132984114933 0.840132984114933 0 0.840132984114933 0.840132984114933 0.921353919086868
"evm.TU.HIC_ASM_0.585" 0.840132984114933 0.840132984114933 0.840132984114933 0.840132984114933 0.840132984114933 0.840132984114933 0 0.921353919086867
"evm.TU.HIC_ASM_0.586" 0.840132984114933 0.840132984114933 0.840132984114933 0.840132984114933 0 0.840132984114933 0.840132984114933 0.921353919086868
"evm.TU.HIC_ASM_0.590" 0.840132984114933 0.840132984114933 0.840132984114933 0.840132984114933 0.840132984114933 0.840132984114933 0 0.921353919086867
"evm.TU.HIC_ASM_0.612" 0.840132984114933 0.840132984114933 0.840132984114933 0.840132984114933 0.840132984114933 0.840132984114933 0.840132984114933 0.72497563135033
"evm.TU.HIC_ASM_0.774" 0.840132984114933 0.840132984114933 0 0.840132984114933 0.840132984114933 0.840132984114933 0.840132984114933 0.921353919086868
"evm.TU.HIC_ASM_0.797" 0.840132984114933 0.840132984114933 0.840132984114933 0.840132984114933 0.840132984114933 0.840132984114933 0.840132984114933 0.887386976762674
"evm.TU.HIC_ASM_0.910" 0.840132984114933 0.840132984114933 0 0.840132984114933 0.840132984114933 0.840132984114933 0.840132984114933 0.921353919086868
"evm.TU.HIC_ASM_0.975" 0.840132984114933 0.840132984114933 0.840132984114933 0.840132984114933 0 0.840132984114933 0.840132984114933 0.921353919086868
"evm.TU.HIC_ASM_1.1051" 0.840132984114933 0.840132984114933 0.840132984114933 0.840132984114933 0.840132984114933 0.840132984114933 0.840132984114933 0.72497563135033
"evm.TU.HIC_ASM_1.110" 0.840132984114933 0.840132984114933 0.840132984114933 0.840132984114933 0.840132984114933 0.840132984114933 0 0.921353919086867
"evm.TU.HIC_ASM_1.1326" 0.840132984114933 0 0.840132984114933 0.840132984114933 0.840132984114933 0.840132984114933 0.840132984114933 0.921353919086868
"evm.TU.HIC_ASM_1.133" 0.840132984114933 0.840132984114933 0 0.840132984114933 0.840132984114933 0.840132984114933 0.840132984114933 0.921353919086868
"evm.TU.HIC_ASM_1.1442" 0.840132984114933 0.840132984114933 0.840132984114933 0.840132984114933 0.840132984114933 0.840132984114933 0.840132984114933 0.865663485821943
"evm.TU.HIC_ASM_1.149" 0.840132984114933 0.840132984114933 0.840132984114933 0.840132984114933 0.840132984114933 0 0.840132984114933 0.921353919086868
"evm.TU.HIC_ASM_1.1515" 0.840132984114933 0.840132984114933 0.840132984114933 0.840132984114933 0.840132984114933 0 0.840132984114933 0.921353919086868
"evm.TU.HIC_ASM_1.1522" 0.840132984114933 0.840132984114933 0.840132984114933 0.840132984114933 0.840132984114933 0 0.840132984114933 0.921353919086868
"evm.TU.HIC_ASM_1.1552" 0.840132984114933 0 0.840132984114933 0.840132984114933 0.840132984114933 0.840132984114933 0.840132984114933 0.921353919086868
"evm.TU.HIC_ASM_1.1553" 0.840132984114933 0 0.840132984114933 0.840132984114933 0.840132984114933 0.840132984114933 0.840132984114933 0.921353919086868
"evm.TU.HIC_ASM_1.1597" 0.840132984114933 0.840132984114933 0 0.840132984114933 0.840132984114933 0.840132984114933 0.840132984114933 0.921353919086868
"evm.TU.HIC_ASM_1.1608" 0.840132984114933 0.840132984114933 0.840132984114933 0.840132984114933 0.840132984114933 0.840132984114933 0.840132984114933 0.833627642131721
"evm.TU.HIC_ASM_1.1794" 0.840132984114933 0.840132984114933 0 0.840132984114933 0.840132984114933 0.840132984114933 0.840132984114933 0.921353919086868
"evm.TU.HIC_ASM_1.1850" 0.840132984114933 0.840132984114933 0.840132984114933 0.840132984114933 0.840132984114933 0.840132984114933 0 0.921353919086867
"evm.TU.HIC_ASM_1.188" 0.840132984114933 0 0.840132984114933 0.840132984114933 0.840132984114933 0.840132984114933 0.840132984114933 0.921353919086868
"evm.TU.HIC_ASM_1.1884" 0.840132984114933 0.840132984114933 0.840132984114933 0.840132984114933 0.840132984114933 0.840132984114933 0.840132984114933 0.724975631350328
"evm.TU.HIC_ASM_1.189" 0.840132984114933 0.840132984114933 0.840132984114933 0.840132984114933 0.840132984114933 0.840132984114933 0.840132984114933 0.893150915572561
"evm.TU.HIC_ASM_1.2035" 0.840132984114933 0.840132984114933 0.840132984114933 0.840132984114933 0.840132984114933 0.840132984114933 0.840132984114933 0.275509640200562
"evm.TU.HIC_ASM_1.2071" 0.840132984114933 0.840132984114933 0.840132984114933 0 0.840132984114933 0.840132984114933 0.840132984114933 0.921353919086867
"evm.TU.HIC_ASM_1.2201" 0.840132984114933 0.840132984114933 0.840132984114933 0.840132984114933 0.840132984114933 0.840132984114933 0.840132984114933 0.893150915572561
"evm.TU.HIC_ASM_1.2283" 0.840132984114933 0.840132984114933 0.840132984114933 0 0.840132984114933 0.840132984114933 0.840132984114933 0.921353919086867
"evm.TU.HIC_ASM_1.2420" 0.840132984114933 0.840132984114933 0.840132984114933 0.840132984114933 0.840132984114933 0.840132984114933 0.840132984114933 0.880968021665584
"evm.TU.HIC_ASM_1.251" 0.840132984114933 0.840132984114933 0.840132984114933 0.840132984114933 0 0.840132984114933 0.840132984114933 0.921353919086868
"evm.TU.HIC_ASM_1.2575" 0.840132984114933 0.840132984114933 0 0.840132984114933 0.840132984114933 0.840132984114933 0.840132984114933 0.921353919086868
"evm.TU.HIC_ASM_1.258" 0.840132984114933 0.840132984114933 0.840132984114933 0 0.840132984114933 0.840132984114933 0.840132984114933 0.921353919086867
"evm.TU.HIC_ASM_1.291" 0.840132984114933 0.840132984114933 0.840132984114933 0.840132984114933 0.840132984114933 0.840132984114933 0 0.921353919086867
"evm.TU.HIC_ASM_1.336" 0.840132984114933 0.840132984114933 0.840132984114933 0.840132984114933 0.840132984114933 0.840132984114933 0 0.921353919086867
"evm.TU.HIC_ASM_1.565" 0.840132984114933 0.840132984114933 0.840132984114933 0.840132984114933 0.840132984114933 0.840132984114933 0.840132984114933 1.00150499296696e-16
"evm.TU.HIC_ASM_1.71" 0 0.840132984114933 0.840132984114933 0.840132984114933 0.840132984114933 0.840132984114933 0.840132984114933 0.921353919086868
"evm.TU.HIC_ASM_1.842" 0.840132984114933 0.840132984114933 0.840132984114933 0.840132984114933 0 0.840132984114933 0.840132984114933 0.921353919086868
"evm.TU.HIC_ASM_1.845" 0.840132984114933 0.840132984114933 0.840132984114933 0.840132984114933 0 0.840132984114933 0.840132984114933 0.921353919086868
"evm.TU.HIC_ASM_1.849" 0.840132984114933 0.840132984114933 0.840132984114933 0.840132984114933 0.840132984114933 0 0.840132984114933 0.921353919086868
"evm.TU.HIC_ASM_1.862" 0.840132984114933 0.840132984114933 0.840132984114933 0.840132984114933 0.840132984114933 0.840132984114933 0.840132984114933 0.724975631350328
"evm.TU.HIC_ASM_1.969" 0 0.840132984114933 0.840132984114933 0.840132984114933 0.840132984114933 0.840132984114933 0.840132984114933 0.921353919086868
"evm.TU.HIC_ASM_10.1156" 0.840132984114933 0.840132984114933 0.840132984114933 0 0.840132984114933 0.840132984114933 0.840132984114933 0.921353919086867
"evm.TU.HIC_ASM_10.156" 0 0.840132984114933 0.840132984114933 0.840132984114933 0.840132984114933 0.840132984114933 0.840132984114933 0.921353919086868
"evm.TU.HIC_ASM_10.219" 0.840132984114933 0.840132984114933 0.840132984114933 0.840132984114933 0.840132984114933 0.840132984114933 0.840132984114933 0.72497563135033
"evm.TU.HIC_ASM_10.276" 0.840132984114933 0.840132984114933 0 0.840132984114933 0.840132984114933 0.840132984114933 0.840132984114933 0.921353919086868
"evm.TU.HIC_ASM_10.315" 0.840132984114933 0.840132984114933 0.840132984114933 0.840132984114933 0.840132984114933 0.840132984114933 0.840132984114933 0.887386976762674
"evm.TU.HIC_ASM_10.359" 0.840132984114933 0.840132984114933 0.840132984114933 0.840132984114933 0 0.840132984114933 0.840132984114933 0.921353919086868
"evm.TU.HIC_ASM_10.369" 0.840132984114933 0.840132984114933 0.840132984114933 0.840132984114933 0 0.840132984114933 0.840132984114933 0.921353919086868
"evm.TU.HIC_ASM_10.464" 0.840132984114933 0.840132984114933 0.840132984114933 0.840132984114933 0.840132984114933 0 0.840132984114933 0.921353919086868
"evm.TU.HIC_ASM_10.472" 0.840132984114933 0.840132984114933 0.840132984114933 0.840132984114933 0.840132984114933 0 0.840132984114933 0.921353919086868
"evm.TU.HIC_ASM_10.476" 0.840132984114933 0.840132984114933 0.840132984114933 0.840132984114933 0.840132984114933 0.840132984114933 0.840132984114933 0.802277121334663
"evm.TU.HIC_ASM_10.491" 0.840132984114933 0.840132984114933 0.840132984114933 0.840132984114933 0.840132984114933 0.840132984114933 0.840132984114933 1.00150499296696e-16
"evm.TU.HIC_ASM_10.495" 0.840132984114933 0.840132984114933 0.840132984114933 0.840132984114933 0.840132984114933 0.840132984114933 0.840132984114933 0.275509640200562
"evm.TU.HIC_ASM_10.543" 0.840132984114933 0.840132984114933 0.840132984114933 0.840132984114933 0.840132984114933 0 0.840132984114933 0.921353919086868
"evm.TU.HIC_ASM_10.619" 0.840132984114933 0.840132984114933 0.840132984114933 0.840132984114933 0.840132984114933 0.840132984114933 0.840132984114933 0.802277121334663
"evm.TU.HIC_ASM_10.627" 0.840132984114933 0 0.840132984114933 0.840132984114933 0.840132984114933 0.840132984114933 0.840132984114933 0.921353919086868
"evm.TU.HIC_ASM_10.722" 0.840132984114933 0 0.840132984114933 0.840132984114933 0.840132984114933 0.840132984114933 0.840132984114933 0.921353919086868
"evm.TU.HIC_ASM_10.724" 0.840132984114933 0.840132984114933 0.840132984114933 0.840132984114933 0.840132984114933 0 0.840132984114933 0.921353919086868
"evm.TU.HIC_ASM_10.912" 0.840132984114933 0.840132984114933 0.840132984114933 0.840132984114933 0.840132984114933 0 0.840132984114933 0.921353919086868
"evm.TU.HIC_ASM_11.1031" 0.840132984114933 0.840132984114933 0.840132984114933 0 0.840132984114933 0.840132984114933 0.840132984114933 0.921353919086867
"evm.TU.HIC_ASM_11.1175" 0.840132984114933 0.840132984114933 0.840132984114933 0.840132984114933 0.840132984114933 0.840132984114933 0.840132984114933 0.845869543056884
"evm.TU.HIC_ASM_11.1310" 0.840132984114933 0.840132984114933 0.840132984114933 0.840132984114933 0.840132984114933 0.840132984114933 0.840132984114933 0.72497563135033
"evm.TU.HIC_ASM_11.1313" 0.840132984114933 0.840132984114933 0.840132984114933 0.840132984114933 0.840132984114933 0.840132984114933 0.840132984114933 0.833627642131721
"evm.TU.HIC_ASM_11.1334" 0.840132984114933 0.840132984114933 0.840132984114933 0.840132984114933 0.840132984114933 0.840132984114933 0.840132984114933 0.72497563135033
"evm.TU.HIC_ASM_11.2" 0.840132984114933 0.840132984114933 0.840132984114933 0.840132984114933 0.840132984114933 0.840132984114933 0.840132984114933 0.880968021665584
"evm.TU.HIC_ASM_11.22" 0.840132984114933 0.840132984114933 0.840132984114933 0.840132984114933 0.840132984114933 0.840132984114933 0.840132984114933 0.856442106061586
"evm.TU.HIC_ASM_11.280" 0.840132984114933 0.840132984114933 0.840132984114933 0 0.840132984114933 0.840132984114933 0.840132984114933 0.921353919086867
"evm.TU.HIC_ASM_11.567" 0.840132984114933 0.840132984114933 0.840132984114933 0 0.840132984114933 0.840132984114933 0.840132984114933 0.921353919086867
"evm.TU.HIC_ASM_11.695" 0.840132984114933 0.840132984114933 0.840132984114933 0.840132984114933 0.840132984114933 0.840132984114933 0.840132984114933 0.856442106061586
"evm.TU.HIC_ASM_11.72" 0.840132984114933 0.840132984114933 0.840132984114933 0.840132984114933 0.840132984114933 0.840132984114933 0.840132984114933 0.724975631350328
"evm.TU.HIC_ASM_11.720" 0.840132984114933 0.840132984114933 0.840132984114933 0.840132984114933 0.840132984114933 0 0.840132984114933 0.921353919086868
"evm.TU.HIC_ASM_11.78" 0.840132984114933 0.840132984114933 0.840132984114933 0.840132984114933 0.840132984114933 0 0.840132984114933 0.921353919086868
"evm.TU.HIC_ASM_11.868" 0.840132984114933 0.840132984114933 0.840132984114933 0 0.840132984114933 0.840132984114933 0.840132984114933 0.921353919086867
"evm.TU.HIC_ASM_11.885" 0.840132984114933 0.840132984114933 0.840132984114933 0.840132984114933 0.840132984114933 0.840132984114933 0.840132984114933 0.833627642131721
"evm.TU.HIC_ASM_12.1" 0.840132984114933 0.840132984114933 0.840132984114933 0.840132984114933 0.840132984114933 0 0.840132984114933 0.921353919086868
"evm.TU.HIC_ASM_12.1002" 0.840132984114933 0.840132984114933 0.840132984114933 0.840132984114933 0 0.840132984114933 0.840132984114933 0.921353919086868
"evm.TU.HIC_ASM_12.1013" 0.840132984114933 0.840132984114933 0.840132984114933 0 0.840132984114933 0.840132984114933 0.840132984114933 0.921353919086867
"evm.TU.HIC_ASM_12.1016" 0.840132984114933 0.840132984114933 0 0.840132984114933 0.840132984114933 0.840132984114933 0.840132984114933 0.921353919086868
"evm.TU.HIC_ASM_12.1150" 0.840132984114933 0.840132984114933 0.840132984114933 0 0.840132984114933 0.840132984114933 0.840132984114933 0.921353919086867
"evm.TU.HIC_ASM_12.1184" 0.840132984114933 0.840132984114933 0.840132984114933 0.840132984114933 0.840132984114933 0.840132984114933 0.840132984114933 0.275509640200562
"evm.TU.HIC_ASM_12.1345" 0 0.840132984114933 0.840132984114933 0.840132984114933 0.840132984114933 0.840132984114933 0.840132984114933 0.921353919086868
"evm.TU.HIC_ASM_12.196" 0.840132984114933 0.840132984114933 0.840132984114933 0.840132984114933 0.840132984114933 0.840132984114933 0.840132984114933 0.880968021665584
"evm.TU.HIC_ASM_12.211" 0 0.840132984114933 0.840132984114933 0.840132984114933 0.840132984114933 0.840132984114933 0.840132984114933 0.921353919086868
"evm.TU.HIC_ASM_12.221" 0.840132984114933 0.840132984114933 0.840132984114933 0.840132984114933 0.840132984114933 0.840132984114933 0.840132984114933 0.856442106061586
"evm.TU.HIC_ASM_12.255" 0.840132984114933 0.840132984114933 0 0.840132984114933 0.840132984114933 0.840132984114933 0.840132984114933 0.921353919086868
"evm.TU.HIC_ASM_12.288" 0.840132984114933 0 0.840132984114933 0.840132984114933 0.840132984114933 0.840132984114933 0.840132984114933 0.921353919086868
"evm.TU.HIC_ASM_12.312" 0.840132984114933 0.840132984114933 0.840132984114933 0.840132984114933 0.840132984114933 0.840132984114933 0 0.921353919086867
"evm.TU.HIC_ASM_12.77" 0.840132984114933 0.840132984114933 0.840132984114933 0.840132984114933 0.840132984114933 0.840132984114933 0.840132984114933 0.911318544147956
"evm.TU.HIC_ASM_12.800" 0.840132984114933 0.840132984114933 0.840132984114933 0.840132984114933 0.840132984114933 0.840132984114933 0 0.921353919086867
"evm.TU.HIC_ASM_12.864" 0.840132984114933 0.840132984114933 0.840132984114933 0 0.840132984114933 0.840132984114933 0.840132984114933 0.921353919086867
"evm.TU.HIC_ASM_12.904" 0.840132984114933 0.840132984114933 0.840132984114933 0.840132984114933 0.840132984114933 0 0.840132984114933 0.921353919086868
"evm.TU.HIC_ASM_12.960" 0.840132984114933 0 0.840132984114933 0.840132984114933 0.840132984114933 0.840132984114933 0.840132984114933 0.921353919086868
"evm.TU.HIC_ASM_12.973" 0.840132984114933 0.840132984114933 0.840132984114933 0.840132984114933 0.840132984114933 0.840132984114933 0.840132984114933 0.724975631350328
"evm.TU.HIC_ASM_12.982" 0.840132984114933 0 0.840132984114933 0.840132984114933 0.840132984114933 0.840132984114933 0.840132984114933 0.921353919086868
"evm.TU.HIC_ASM_13.1116" 0.840132984114933 0.840132984114933 0.840132984114933 0.840132984114933 0.840132984114933 0.840132984114933 0.840132984114933 0.911318544147956
"evm.TU.HIC_ASM_13.1177" 0.840132984114933 0.840132984114933 0.840132984114933 0.840132984114933 0 0.840132984114933 0.840132984114933 0.921353919086868
"evm.TU.HIC_ASM_13.1192" 0 0.840132984114933 0.840132984114933 0.840132984114933 0.840132984114933 0.840132984114933 0.840132984114933 0.921353919086868
"evm.TU.HIC_ASM_13.1197" 0.840132984114933 0.840132984114933 0.840132984114933 0.840132984114933 0.840132984114933 0.840132984114933 0 0.921353919086867
"evm.TU.HIC_ASM_13.1198" 0.840132984114933 0.840132984114933 0.840132984114933 0.840132984114933 0.840132984114933 0.840132984114933 0 0.921353919086867
"evm.TU.HIC_ASM_13.1252" 0.840132984114933 0.840132984114933 0.840132984114933 0.840132984114933 0.840132984114933 0.840132984114933 0.840132984114933 0.89835498288196
"evm.TU.HIC_ASM_13.1265" 0.840132984114933 0.840132984114933 0.840132984114933 0.840132984114933 0.840132984114933 0.840132984114933 0 0.921353919086867
"evm.TU.HIC_ASM_13.1298" 0.840132984114933 0.840132984114933 0.840132984114933 0.840132984114933 0.840132984114933 0.840132984114933 0 0.921353919086867
"evm.TU.HIC_ASM_13.1360" 0.840132984114933 0.840132984114933 0.840132984114933 0 0.840132984114933 0.840132984114933 0.840132984114933 0.921353919086867
"evm.TU.HIC_ASM_13.1374" 0 0.840132984114933 0.840132984114933 0.840132984114933 0.840132984114933 0.840132984114933 0.840132984114933 0.921353919086868
"evm.TU.HIC_ASM_13.1402" 0.840132984114933 0.840132984114933 0.840132984114933 0.840132984114933 0.840132984114933 0 0.840132984114933 0.921353919086868
"evm.TU.HIC_ASM_13.337" 0.840132984114933 0.840132984114933 0.840132984114933 0.840132984114933 0.840132984114933 0.840132984114933 0.840132984114933 0.275509640200562
"evm.TU.HIC_ASM_13.391" 0.840132984114933 0.840132984114933 0.840132984114933 0.840132984114933 0 0.840132984114933 0.840132984114933 0.921353919086868
"evm.TU.HIC_ASM_13.614" 0.840132984114933 0.840132984114933 0.840132984114933 0.840132984114933 0 0.840132984114933 0.840132984114933 0.921353919086868
"evm.TU.HIC_ASM_13.759" 0 0.840132984114933 0.840132984114933 0.840132984114933 0.840132984114933 0.840132984114933 0.840132984114933 0.921353919086868
"evm.TU.HIC_ASM_13.929" 0.840132984114933 0.840132984114933 0.840132984114933 0.840132984114933 0 0.840132984114933 0.840132984114933 0.921353919086868
"evm.TU.HIC_ASM_13.981" 0.840132984114933 0.840132984114933 0.840132984114933 0 0.840132984114933 0.840132984114933 0.840132984114933 0.921353919086867
"evm.TU.HIC_ASM_14.1005" 0.840132984114933 0 0.840132984114933 0.840132984114933 0.840132984114933 0.840132984114933 0.840132984114933 0.921353919086868
"evm.TU.HIC_ASM_14.1066" 0.840132984114933 0.840132984114933 0.840132984114933 0.840132984114933 0.840132984114933 0.840132984114933 0.840132984114933 1.00150499296696e-16
"evm.TU.HIC_ASM_14.271" 0.840132984114933 0.840132984114933 0.840132984114933 0.840132984114933 0.840132984114933 0.840132984114933 0.840132984114933 0.802277121334663
"evm.TU.HIC_ASM_14.282" 0.840132984114933 0.840132984114933 0.840132984114933 0 0.840132984114933 0.840132984114933 0.840132984114933 0.921353919086867
"evm.TU.HIC_ASM_14.285" 0.840132984114933 0.840132984114933 0.840132984114933 0.840132984114933 0.840132984114933 0.840132984114933 0.840132984114933 0.89835498288196
"evm.TU.HIC_ASM_14.287" 0.840132984114933 0.840132984114933 0 0.840132984114933 0.840132984114933 0.840132984114933 0.840132984114933 0.921353919086868
"evm.TU.HIC_ASM_14.342" 0.840132984114933 0.840132984114933 0.840132984114933 0.840132984114933 0.840132984114933 0.840132984114933 0 0.921353919086867
"evm.TU.HIC_ASM_14.372" 0.840132984114933 0.840132984114933 0.840132984114933 0.840132984114933 0.840132984114933 0.840132984114933 0 0.921353919086867
"evm.TU.HIC_ASM_14.485" 0.840132984114933 0.840132984114933 0.840132984114933 0.840132984114933 0.840132984114933 0.840132984114933 0.840132984114933 1.00150499296696e-16
"evm.TU.HIC_ASM_14.492" 0.840132984114933 0.840132984114933 0.840132984114933 0.840132984114933 0.840132984114933 0.840132984114933 0 0.921353919086867
"evm.TU.HIC_ASM_14.580" 0.840132984114933 0.840132984114933 0.840132984114933 0.840132984114933 0.840132984114933 0 0.840132984114933 0.921353919086868
"evm.TU.HIC_ASM_14.651" 0.840132984114933 0 0.840132984114933 0.840132984114933 0.840132984114933 0.840132984114933 0.840132984114933 0.921353919086868
"evm.TU.HIC_ASM_14.670" 0.840132984114933 0.840132984114933 0.840132984114933 0.840132984114933 0.840132984114933 0.840132984114933 0.840132984114933 0.72497563135033
"evm.TU.HIC_ASM_14.671" 0.840132984114933 0.840132984114933 0.840132984114933 0.840132984114933 0 0.840132984114933 0.840132984114933 0.921353919086868
"evm.TU.HIC_ASM_14.672" 0.840132984114933 0.840132984114933 0.840132984114933 0.840132984114933 0 0.840132984114933 0.840132984114933 0.921353919086868
"evm.TU.HIC_ASM_14.744" 0.840132984114933 0.840132984114933 0.840132984114933 0.840132984114933 0.840132984114933 0.840132984114933 0.840132984114933 0.833627642131721
"evm.TU.HIC_ASM_14.786" 0.840132984114933 0.840132984114933 0.840132984114933 0.840132984114933 0.840132984114933 0.840132984114933 0.840132984114933 0.802277121334663
"evm.TU.HIC_ASM_15.1224" 0.840132984114933 0.840132984114933 0.840132984114933 0.840132984114933 0.840132984114933 0.840132984114933 0 0.921353919086867
"evm.TU.HIC_ASM_15.1260" 0.840132984114933 0.840132984114933 0.840132984114933 0 0.840132984114933 0.840132984114933 0.840132984114933 0.921353919086867
"evm.TU.HIC_ASM_15.1267" 0.840132984114933 0.840132984114933 0.840132984114933 0.840132984114933 0.840132984114933 0.840132984114933 0.840132984114933 0.275509640200562
"evm.TU.HIC_ASM_15.1271" 0.840132984114933 0.840132984114933 0.840132984114933 0.840132984114933 0.840132984114933 0.840132984114933 0.840132984114933 0.880968021665584
"evm.TU.HIC_ASM_15.1317" 0.840132984114933 0.840132984114933 0.840132984114933 0.840132984114933 0.840132984114933 0 0.840132984114933 0.921353919086868
"evm.TU.HIC_ASM_15.145" 0.840132984114933 0.840132984114933 0 0.840132984114933 0.840132984114933 0.840132984114933 0.840132984114933 0.921353919086868
"evm.TU.HIC_ASM_15.1558" 0.840132984114933 0.840132984114933 0.840132984114933 0.840132984114933 0.840132984114933 0 0.840132984114933 0.921353919086868
"evm.TU.HIC_ASM_15.1602" 0 0.840132984114933 0.840132984114933 0.840132984114933 0.840132984114933 0.840132984114933 0.840132984114933 0.921353919086868
"evm.TU.HIC_ASM_15.1637" 0.840132984114933 0.840132984114933 0.840132984114933 0.840132984114933 0.840132984114933 0.840132984114933 0.840132984114933 1.00150499296696e-16
"evm.TU.HIC_ASM_15.1639" 0.840132984114933 0.840132984114933 0.840132984114933 0.840132984114933 0 0.840132984114933 0.840132984114933 0.921353919086868
"evm.TU.HIC_ASM_15.169" 0.840132984114933 0.840132984114933 0.840132984114933 0.840132984114933 0.840132984114933 0.840132984114933 0.840132984114933 0.865663485821943
"evm.TU.HIC_ASM_15.1825" 0 0.840132984114933 0.840132984114933 0.840132984114933 0.840132984114933 0.840132984114933 0.840132984114933 0.921353919086868
"evm.TU.HIC_ASM_15.1998" 0.840132984114933 0 0.840132984114933 0.840132984114933 0.840132984114933 0.840132984114933 0.840132984114933 0.921353919086868
"evm.TU.HIC_ASM_15.2047" 0.840132984114933 0.840132984114933 0.840132984114933 0.840132984114933 0 0.840132984114933 0.840132984114933 0.921353919086868
"evm.TU.HIC_ASM_15.2245" 0.840132984114933 0.840132984114933 0.840132984114933 0.840132984114933 0.840132984114933 0.840132984114933 0.840132984114933 0.856442106061586
"evm.TU.HIC_ASM_15.2309" 0.840132984114933 0.840132984114933 0.840132984114933 0.840132984114933 0.840132984114933 0.840132984114933 0.840132984114933 0.887386976762673
"evm.TU.HIC_ASM_15.2311" 0.840132984114933 0.840132984114933 0.840132984114933 0.840132984114933 0.840132984114933 0.840132984114933 0 0.921353919086867
"evm.TU.HIC_ASM_15.2339" 0.840132984114933 0.840132984114933 0.840132984114933 0.840132984114933 0.840132984114933 0.840132984114933 0.840132984114933 0.275509640200562
"evm.TU.HIC_ASM_15.2392" 0.840132984114933 0.840132984114933 0.840132984114933 0 0.840132984114933 0.840132984114933 0.840132984114933 0.921353919086867
"evm.TU.HIC_ASM_15.2403" 0.840132984114933 0.840132984114933 0.840132984114933 0.840132984114933 0.840132984114933 0 0.840132984114933 0.921353919086868
"evm.TU.HIC_ASM_15.2516" 0.840132984114933 0.840132984114933 0.840132984114933 0.840132984114933 0.840132984114933 0.840132984114933 0.840132984114933 0.880968021665584
"evm.TU.HIC_ASM_15.2568" 0 0.840132984114933 0.840132984114933 0.840132984114933 0.840132984114933 0.840132984114933 0.840132984114933 0.921353919086868
"evm.TU.HIC_ASM_15.2639" 0.840132984114933 0.840132984114933 0.840132984114933 0.840132984114933 0.840132984114933 0.840132984114933 0 0.921353919086867
"evm.TU.HIC_ASM_15.2640" 0 0.840132984114933 0.840132984114933 0.840132984114933 0.840132984114933 0.840132984114933 0.840132984114933 0.921353919086868
"evm.TU.HIC_ASM_15.361" 0.840132984114933 0 0.840132984114933 0.840132984114933 0.840132984114933 0.840132984114933 0.840132984114933 0.921353919086868
"evm.TU.HIC_ASM_15.533" 0.840132984114933 0.840132984114933 0.840132984114933 0.840132984114933 0.840132984114933 0.840132984114933 0.840132984114933 0.887386976762674
"evm.TU.HIC_ASM_15.698" 0.840132984114933 0.840132984114933 0 0.840132984114933 0.840132984114933 0.840132984114933 0.840132984114933 0.921353919086868
"evm.TU.HIC_ASM_15.785" 0.840132984114933 0.840132984114933 0.840132984114933 0.840132984114933 0.840132984114933 0.840132984114933 0 0.921353919086867
"evm.TU.HIC_ASM_15.81" 0.840132984114933 0.840132984114933 0.840132984114933 0.840132984114933 0.840132984114933 0 0.840132984114933 0.921353919086868
"evm.TU.HIC_ASM_16.1039" 0.840132984114933 0.840132984114933 0.840132984114933 0.840132984114933 0.840132984114933 0.840132984114933 0 0.921353919086867
"evm.TU.HIC_ASM_16.1129" 0.840132984114933 0.840132984114933 0.840132984114933 0.840132984114933 0.840132984114933 0 0.840132984114933 0.921353919086868
"evm.TU.HIC_ASM_16.1165" 0.840132984114933 0.840132984114933 0.840132984114933 0.840132984114933 0.840132984114933 0 0.840132984114933 0.921353919086868
"evm.TU.HIC_ASM_16.1194" 0.840132984114933 0.840132984114933 0.840132984114933 0.840132984114933 0.840132984114933 0.840132984114933 0.840132984114933 0.845869543056884
"evm.TU.HIC_ASM_16.1198" 0.840132984114933 0.840132984114933 0.840132984114933 0 0.840132984114933 0.840132984114933 0.840132984114933 0.921353919086867
"evm.TU.HIC_ASM_16.1403" 0.840132984114933 0.840132984114933 0.840132984114933 0.840132984114933 0.840132984114933 0.840132984114933 0.840132984114933 0.865663485821943
"evm.TU.HIC_ASM_16.1417" 0.840132984114933 0.840132984114933 0.840132984114933 0.840132984114933 0.840132984114933 0 0.840132984114933 0.921353919086868
"evm.TU.HIC_ASM_16.192" 0.840132984114933 0.840132984114933 0.840132984114933 0.840132984114933 0.840132984114933 0.840132984114933 0.840132984114933 0.802277121334663
"evm.TU.HIC_ASM_16.327" 0.840132984114933 0.840132984114933 0.840132984114933 0.840132984114933 0.840132984114933 0.840132984114933 0.840132984114933 0.802277121334663
"evm.TU.HIC_ASM_16.329" 0.840132984114933 0.840132984114933 0.840132984114933 0.840132984114933 0.840132984114933 0.840132984114933 0.840132984114933 1.00150499296696e-16
"evm.TU.HIC_ASM_16.428" 0.840132984114933 0.840132984114933 0.840132984114933 0 0.840132984114933 0.840132984114933 0.840132984114933 0.921353919086867
"evm.TU.HIC_ASM_16.431" 0.840132984114933 0.840132984114933 0.840132984114933 0.840132984114933 0.840132984114933 0.840132984114933 0.840132984114933 0.802277121334663
"evm.TU.HIC_ASM_16.503" 0.840132984114933 0.840132984114933 0.840132984114933 0.840132984114933 0.840132984114933 0.840132984114933 0.840132984114933 1.00150499296696e-16
"evm.TU.HIC_ASM_16.539" 0.840132984114933 0.840132984114933 0.840132984114933 0.840132984114933 0.840132984114933 0.840132984114933 0.840132984114933 1.00150499296696e-16
"evm.TU.HIC_ASM_16.674" 0.840132984114933 0.840132984114933 0.840132984114933 0.840132984114933 0.840132984114933 0.840132984114933 0.840132984114933 0.865663485821943
"evm.TU.HIC_ASM_16.676" 0.840132984114933 0.840132984114933 0.840132984114933 0.840132984114933 0.840132984114933 0.840132984114933 0 0.921353919086867
"evm.TU.HIC_ASM_16.688" 0.840132984114933 0.840132984114933 0.840132984114933 0.840132984114933 0.840132984114933 0.840132984114933 0.840132984114933 0.833627642131721
"evm.TU.HIC_ASM_16.72" 0.840132984114933 0.840132984114933 0.840132984114933 0 0.840132984114933 0.840132984114933 0.840132984114933 0.921353919086867
"evm.TU.HIC_ASM_16.851" 0.840132984114933 0 0.840132984114933 0.840132984114933 0.840132984114933 0.840132984114933 0.840132984114933 0.921353919086868
"evm.TU.HIC_ASM_16.94" 0 0.840132984114933 0.840132984114933 0.840132984114933 0.840132984114933 0.840132984114933 0.840132984114933 0.921353919086868
"evm.TU.HIC_ASM_16.940" 0.840132984114933 0 0.840132984114933 0.840132984114933 0.840132984114933 0.840132984114933 0.840132984114933 0.921353919086868
"evm.TU.HIC_ASM_16.95" 0.840132984114933 0.840132984114933 0.840132984114933 0.840132984114933 0 0.840132984114933 0.840132984114933 0.921353919086868
"evm.TU.HIC_ASM_16.989" 0.840132984114933 0.840132984114933 0.840132984114933 0.840132984114933 0.840132984114933 0.840132984114933 0.840132984114933 0.911318544147956
"evm.TU.HIC_ASM_17.1026" 0.840132984114933 0.840132984114933 0.840132984114933 0.840132984114933 0.840132984114933 0.840132984114933 0.840132984114933 0.887386976762674
"evm.TU.HIC_ASM_17.108" 0.840132984114933 0.840132984114933 0 0.840132984114933 0.840132984114933 0.840132984114933 0.840132984114933 0.921353919086868
"evm.TU.HIC_ASM_17.114" 0.840132984114933 0.840132984114933 0.840132984114933 0.840132984114933 0 0.840132984114933 0.840132984114933 0.921353919086868
"evm.TU.HIC_ASM_17.1239" 0.840132984114933 0.840132984114933 0 0.840132984114933 0.840132984114933 0.840132984114933 0.840132984114933 0.921353919086868
"evm.TU.HIC_ASM_17.1240" 0.840132984114933 0 0.840132984114933 0.840132984114933 0.840132984114933 0.840132984114933 0.840132984114933 0.921353919086868
"evm.TU.HIC_ASM_17.1349" 0.840132984114933 0.840132984114933 0.840132984114933 0.840132984114933 0.840132984114933 0.840132984114933 0.840132984114933 0.893150915572561
"evm.TU.HIC_ASM_17.1390" 0.840132984114933 0.840132984114933 0.840132984114933 0 0.840132984114933 0.840132984114933 0.840132984114933 0.921353919086867
"evm.TU.HIC_ASM_17.1402" 0.840132984114933 0.840132984114933 0.840132984114933 0.840132984114933 0.840132984114933 0.840132984114933 0.840132984114933 0.893150915572561
"evm.TU.HIC_ASM_17.1438" 0.840132984114933 0.840132984114933 0.840132984114933 0.840132984114933 0.840132984114933 0.840132984114933 0.840132984114933 0.724975631350328
"evm.TU.HIC_ASM_17.1448" 0 0.840132984114933 0.840132984114933 0.840132984114933 0.840132984114933 0.840132984114933 0.840132984114933 0.921353919086868
"evm.TU.HIC_ASM_17.1550" 0.840132984114933 0.840132984114933 0.840132984114933 0.840132984114933 0.840132984114933 0 0.840132984114933 0.921353919086868
"evm.TU.HIC_ASM_17.18" 0.840132984114933 0.840132984114933 0.840132984114933 0 0.840132984114933 0.840132984114933 0.840132984114933 0.921353919086867
"evm.TU.HIC_ASM_17.242" 0.840132984114933 0.840132984114933 0.840132984114933 0.840132984114933 0 0.840132984114933 0.840132984114933 0.921353919086868
"evm.TU.HIC_ASM_17.327" 0.840132984114933 0.840132984114933 0.840132984114933 0.840132984114933 0 0.840132984114933 0.840132984114933 0.921353919086868
"evm.TU.HIC_ASM_17.432" 0.840132984114933 0.840132984114933 0.840132984114933 0.840132984114933 0.840132984114933 0.840132984114933 0.840132984114933 0.845869543056884
"evm.TU.HIC_ASM_17.617" 0.840132984114933 0.840132984114933 0.840132984114933 0.840132984114933 0.840132984114933 0.840132984114933 0.840132984114933 0.856442106061586
"evm.TU.HIC_ASM_17.901" 0.840132984114933 0.840132984114933 0.840132984114933 0.840132984114933 0.840132984114933 0.840132984114933 0.840132984114933 0.880968021665584
"evm.TU.HIC_ASM_18.1093" 0.840132984114933 0.840132984114933 0.840132984114933 0.840132984114933 0.840132984114933 0.840132984114933 0 0.921353919086867
"evm.TU.HIC_ASM_18.1257" 0.840132984114933 0.840132984114933 0.840132984114933 0.840132984114933 0.840132984114933 0 0.840132984114933 0.921353919086868
"evm.TU.HIC_ASM_18.316" 0.840132984114933 0 0.840132984114933 0.840132984114933 0.840132984114933 0.840132984114933 0.840132984114933 0.921353919086868
"evm.TU.HIC_ASM_18.355" 0.840132984114933 0.840132984114933 0.840132984114933 0.840132984114933 0.840132984114933 0 0.840132984114933 0.921353919086868
"evm.TU.HIC_ASM_18.392" 0.840132984114933 0.840132984114933 0.840132984114933 0.840132984114933 0.840132984114933 0.840132984114933 0.840132984114933 0.887386976762673
"evm.TU.HIC_ASM_18.393" 0 0.840132984114933 0.840132984114933 0.840132984114933 0.840132984114933 0.840132984114933 0.840132984114933 0.921353919086868
"evm.TU.HIC_ASM_18.420" 0.840132984114933 0.840132984114933 0.840132984114933 0.840132984114933 0.840132984114933 0.840132984114933 0 0.921353919086867
"evm.TU.HIC_ASM_18.506" 0.840132984114933 0.840132984114933 0.840132984114933 0.840132984114933 0 0.840132984114933 0.840132984114933 0.921353919086868
"evm.TU.HIC_ASM_18.51" 0.840132984114933 0.840132984114933 0.840132984114933 0.840132984114933 0.840132984114933 0.840132984114933 0 0.921353919086867
"evm.TU.HIC_ASM_18.64" 0.840132984114933 0.840132984114933 0.840132984114933 0.840132984114933 0.840132984114933 0.840132984114933 0 0.921353919086867
"evm.TU.HIC_ASM_18.788" 0.840132984114933 0.840132984114933 0.840132984114933 0.840132984114933 0.840132984114933 0.840132984114933 0 0.921353919086867
"evm.TU.HIC_ASM_18.807" 0.840132984114933 0.840132984114933 0.840132984114933 0.840132984114933 0.840132984114933 0 0.840132984114933 0.921353919086868
"evm.TU.HIC_ASM_18.858" 0.840132984114933 0.840132984114933 0.840132984114933 0.840132984114933 0.840132984114933 0 0.840132984114933 0.921353919086868
"evm.TU.HIC_ASM_18.864" 0.840132984114933 0.840132984114933 0.840132984114933 0.840132984114933 0.840132984114933 0.840132984114933 0.840132984114933 0.89835498288196
"evm.TU.HIC_ASM_18.968" 0.840132984114933 0.840132984114933 0 0.840132984114933 0.840132984114933 0.840132984114933 0.840132984114933 0.921353919086868
"evm.TU.HIC_ASM_2.1042" 0.840132984114933 0.840132984114933 0.840132984114933 0.840132984114933 0.840132984114933 0.840132984114933 0.840132984114933 0.724975631350328
"evm.TU.HIC_ASM_2.1045" 0.840132984114933 0.840132984114933 0.840132984114933 0.840132984114933 0.840132984114933 0.840132984114933 0.840132984114933 0.802277121334663
"evm.TU.HIC_ASM_2.1199" 0 0.840132984114933 0.840132984114933 0.840132984114933 0.840132984114933 0.840132984114933 0.840132984114933 0.921353919086868
"evm.TU.HIC_ASM_2.1221" 0.840132984114933 0.840132984114933 0.840132984114933 0.840132984114933 0.840132984114933 0.840132984114933 0 0.921353919086867
"evm.TU.HIC_ASM_2.1314" 0.840132984114933 0.840132984114933 0.840132984114933 0.840132984114933 0.840132984114933 0 0.840132984114933 0.921353919086868
"evm.TU.HIC_ASM_2.1417" 0.840132984114933 0.840132984114933 0.840132984114933 0.840132984114933 0 0.840132984114933 0.840132984114933 0.921353919086868
"evm.TU.HIC_ASM_2.200" 0 0.840132984114933 0.840132984114933 0.840132984114933 0.840132984114933 0.840132984114933 0.840132984114933 0.921353919086868
"evm.TU.HIC_ASM_2.236" 0.840132984114933 0.840132984114933 0.840132984114933 0.840132984114933 0.840132984114933 0.840132984114933 0.840132984114933 1.00150499296696e-16
"evm.TU.HIC_ASM_2.315" 0.840132984114933 0.840132984114933 0.840132984114933 0 0.840132984114933 0.840132984114933 0.840132984114933 0.921353919086867
"evm.TU.HIC_ASM_2.345" 0.840132984114933 0.840132984114933 0.840132984114933 0.840132984114933 0.840132984114933 0.840132984114933 0 0.921353919086867
"evm.TU.HIC_ASM_2.409" 0.840132984114933 0.840132984114933 0.840132984114933 0.840132984114933 0.840132984114933 0.840132984114933 0.840132984114933 0.880968021665584
"evm.TU.HIC_ASM_2.576" 0.840132984114933 0.840132984114933 0.840132984114933 0.840132984114933 0.840132984114933 0.840132984114933 0.840132984114933 0.724975631350328
"evm.TU.HIC_ASM_2.592" 0 0.840132984114933 0.840132984114933 0.840132984114933 0.840132984114933 0.840132984114933 0.840132984114933 0.921353919086868
"evm.TU.HIC_ASM_2.655" 0.840132984114933 0.840132984114933 0.840132984114933 0.840132984114933 0.840132984114933 0.840132984114933 0 0.921353919086867
"evm.TU.HIC_ASM_2.71" 0.840132984114933 0.840132984114933 0.840132984114933 0.840132984114933 0 0.840132984114933 0.840132984114933 0.921353919086868
"evm.TU.HIC_ASM_2.774" 0.840132984114933 0.840132984114933 0.840132984114933 0.840132984114933 0.840132984114933 0 0.840132984114933 0.921353919086868
"evm.TU.HIC_ASM_2.794" 0.840132984114933 0.840132984114933 0.840132984114933 0.840132984114933 0.840132984114933 0.840132984114933 0.840132984114933 0.275509640200562
"evm.TU.HIC_ASM_2.812" 0.840132984114933 0.840132984114933 0 0.840132984114933 0.840132984114933 0.840132984114933 0.840132984114933 0.921353919086868
"evm.TU.HIC_ASM_2.893" 0.840132984114933 0.840132984114933 0.840132984114933 0.840132984114933 0.840132984114933 0.840132984114933 0 0.921353919086867
"evm.TU.HIC_ASM_3.1076" 0.840132984114933 0.840132984114933 0 0.840132984114933 0.840132984114933 0.840132984114933 0.840132984114933 0.921353919086868
"evm.TU.HIC_ASM_3.1131" 0.840132984114933 0.840132984114933 0.840132984114933 0.840132984114933 0.840132984114933 0.840132984114933 0 0.921353919086867
"evm.TU.HIC_ASM_3.1245" 0.840132984114933 0.840132984114933 0.840132984114933 0.840132984114933 0.840132984114933 0.840132984114933 0.840132984114933 0.887386976762673
"evm.TU.HIC_ASM_3.136" 0.840132984114933 0.840132984114933 0.840132984114933 0.840132984114933 0.840132984114933 0.840132984114933 0.840132984114933 0.880968021665584
"evm.TU.HIC_ASM_3.1383" 0 0.840132984114933 0.840132984114933 0.840132984114933 0.840132984114933 0.840132984114933 0.840132984114933 0.921353919086868
"evm.TU.HIC_ASM_3.142" 0.840132984114933 0.840132984114933 0.840132984114933 0.840132984114933 0.840132984114933 0.840132984114933 0.840132984114933 0.833627642131721
"evm.TU.HIC_ASM_3.16" 0.840132984114933 0.840132984114933 0.840132984114933 0.840132984114933 0 0.840132984114933 0.840132984114933 0.921353919086868
"evm.TU.HIC_ASM_3.1763" 0.840132984114933 0.840132984114933 0.840132984114933 0.840132984114933 0.840132984114933 0 0.840132984114933 0.921353919086868
"evm.TU.HIC_ASM_3.1799" 0.840132984114933 0.840132984114933 0.840132984114933 0.840132984114933 0.840132984114933 0.840132984114933 0.840132984114933 0.275509640200562
"evm.TU.HIC_ASM_3.181" 0.840132984114933 0.840132984114933 0.840132984114933 0.840132984114933 0.840132984114933 0.840132984114933 0.840132984114933 0.72497563135033
"evm.TU.HIC_ASM_3.1879" 0.840132984114933 0.840132984114933 0.840132984114933 0.840132984114933 0 0.840132984114933 0.840132984114933 0.921353919086868
"evm.TU.HIC_ASM_3.1969" 0.840132984114933 0 0.840132984114933 0.840132984114933 0.840132984114933 0.840132984114933 0.840132984114933 0.921353919086868
"evm.TU.HIC_ASM_3.1998" 0.840132984114933 0.840132984114933 0.840132984114933 0.840132984114933 0.840132984114933 0.840132984114933 0.840132984114933 0.845869543056884
"evm.TU.HIC_ASM_3.411" 0.840132984114933 0.840132984114933 0.840132984114933 0.840132984114933 0.840132984114933 0.840132984114933 0.840132984114933 1.00150499296696e-16
"evm.TU.HIC_ASM_3.477" 0.840132984114933 0.840132984114933 0.840132984114933 0.840132984114933 0.840132984114933 0.840132984114933 0.840132984114933 0.802277121334663
"evm.TU.HIC_ASM_3.538" 0.840132984114933 0.840132984114933 0.840132984114933 0.840132984114933 0.840132984114933 0.840132984114933 0.840132984114933 0.802277121334663
"evm.TU.HIC_ASM_3.617" 0.840132984114933 0.840132984114933 0.840132984114933 0.840132984114933 0.840132984114933 0.840132984114933 0.840132984114933 0.833627642131721
"evm.TU.HIC_ASM_3.729" 0.840132984114933 0.840132984114933 0.840132984114933 0.840132984114933 0.840132984114933 0.840132984114933 0 0.921353919086867
"evm.TU.HIC_ASM_3.853" 0.840132984114933 0.840132984114933 0.840132984114933 0.840132984114933 0.840132984114933 0.840132984114933 0 0.921353919086867
"evm.TU.HIC_ASM_3.917" 0.840132984114933 0.840132984114933 0.840132984114933 0.840132984114933 0.840132984114933 0.840132984114933 0.840132984114933 0.865663485821943
"evm.TU.HIC_ASM_3.954" 0.840132984114933 0.840132984114933 0.840132984114933 0 0.840132984114933 0.840132984114933 0.840132984114933 0.921353919086867
"evm.TU.HIC_ASM_4.1405" 0.840132984114933 0.840132984114933 0.840132984114933 0.840132984114933 0.840132984114933 0.840132984114933 0.840132984114933 0.845869543056884
"evm.TU.HIC_ASM_4.1515" 0.840132984114933 0.840132984114933 0.840132984114933 0.840132984114933 0.840132984114933 0.840132984114933 0.840132984114933 0.724975631350328
"evm.TU.HIC_ASM_4.1523" 0.840132984114933 0.840132984114933 0.840132984114933 0.840132984114933 0.840132984114933 0.840132984114933 0.840132984114933 0.880968021665584
"evm.TU.HIC_ASM_4.1552" 0.840132984114933 0.840132984114933 0.840132984114933 0 0.840132984114933 0.840132984114933 0.840132984114933 0.921353919086867
"evm.TU.HIC_ASM_4.1688" 0.840132984114933 0.840132984114933 0.840132984114933 0.840132984114933 0.840132984114933 0.840132984114933 0.840132984114933 0.724975631350328
"evm.TU.HIC_ASM_4.169" 0.840132984114933 0.840132984114933 0.840132984114933 0.840132984114933 0.840132984114933 0 0.840132984114933 0.921353919086868
"evm.TU.HIC_ASM_4.1715" 0.840132984114933 0.840132984114933 0.840132984114933 0.840132984114933 0.840132984114933 0.840132984114933 0.840132984114933 0.887386976762673
"evm.TU.HIC_ASM_4.1740" 0.840132984114933 0.840132984114933 0.840132984114933 0.840132984114933 0.840132984114933 0.840132984114933 0.840132984114933 0.72497563135033
"evm.TU.HIC_ASM_4.1752" 0.840132984114933 0.840132984114933 0.840132984114933 0 0.840132984114933 0.840132984114933 0.840132984114933 0.921353919086867
"evm.TU.HIC_ASM_4.294" 0.840132984114933 0.840132984114933 0.840132984114933 0.840132984114933 0.840132984114933 0.840132984114933 0.840132984114933 0.856442106061586
"evm.TU.HIC_ASM_4.414" 0.840132984114933 0.840132984114933 0.840132984114933 0.840132984114933 0.840132984114933 0.840132984114933 0.840132984114933 0.887386976762673
"evm.TU.HIC_ASM_4.475" 0.840132984114933 0.840132984114933 0.840132984114933 0.840132984114933 0.840132984114933 0.840132984114933 0.840132984114933 0.724975631350328
"evm.TU.HIC_ASM_4.49" 0.840132984114933 0.840132984114933 0.840132984114933 0.840132984114933 0.840132984114933 0 0.840132984114933 0.921353919086868
"evm.TU.HIC_ASM_4.522" 0.840132984114933 0.840132984114933 0.840132984114933 0 0.840132984114933 0.840132984114933 0.840132984114933 0.921353919086867
"evm.TU.HIC_ASM_4.561" 0.840132984114933 0.840132984114933 0.840132984114933 0.840132984114933 0.840132984114933 0.840132984114933 0.840132984114933 1.00150499296696e-16
"evm.TU.HIC_ASM_4.770" 0.840132984114933 0.840132984114933 0.840132984114933 0.840132984114933 0.840132984114933 0.840132984114933 0.840132984114933 0.275509640200562
"evm.TU.HIC_ASM_4.860" 0.840132984114933 0.840132984114933 0.840132984114933 0.840132984114933 0 0.840132984114933 0.840132984114933 0.921353919086868
"evm.TU.HIC_ASM_4.875" 0.840132984114933 0.840132984114933 0.840132984114933 0.840132984114933 0.840132984114933 0.840132984114933 0.840132984114933 0.724975631350328
"evm.TU.HIC_ASM_4.889" 0.840132984114933 0.840132984114933 0.840132984114933 0.840132984114933 0.840132984114933 0.840132984114933 0 0.921353919086867
"evm.TU.HIC_ASM_4.981" 0.840132984114933 0.840132984114933 0.840132984114933 0.840132984114933 0 0.840132984114933 0.840132984114933 0.921353919086868
"evm.TU.HIC_ASM_5.1025" 0.840132984114933 0.840132984114933 0.840132984114933 0 0.840132984114933 0.840132984114933 0.840132984114933 0.921353919086867
"evm.TU.HIC_ASM_5.1193" 0.840132984114933 0.840132984114933 0.840132984114933 0.840132984114933 0.840132984114933 0 0.840132984114933 0.921353919086868
"evm.TU.HIC_ASM_5.1278" 0.840132984114933 0.840132984114933 0.840132984114933 0 0.840132984114933 0.840132984114933 0.840132984114933 0.921353919086867
"evm.TU.HIC_ASM_5.1322" 0.840132984114933 0.840132984114933 0.840132984114933 0.840132984114933 0 0.840132984114933 0.840132984114933 0.921353919086868
"evm.TU.HIC_ASM_5.186" 0.840132984114933 0.840132984114933 0.840132984114933 0.840132984114933 0.840132984114933 0.840132984114933 0.840132984114933 1.00150499296696e-16
"evm.TU.HIC_ASM_5.260" 0.840132984114933 0.840132984114933 0.840132984114933 0.840132984114933 0.840132984114933 0.840132984114933 0.840132984114933 0.845869543056884
"evm.TU.HIC_ASM_5.268" 0.840132984114933 0.840132984114933 0.840132984114933 0 0.840132984114933 0.840132984114933 0.840132984114933 0.921353919086867
"evm.TU.HIC_ASM_5.296" 0.840132984114933 0.840132984114933 0.840132984114933 0.840132984114933 0 0.840132984114933 0.840132984114933 0.921353919086868
"evm.TU.HIC_ASM_5.442" 0.840132984114933 0.840132984114933 0.840132984114933 0 0.840132984114933 0.840132984114933 0.840132984114933 0.921353919086867
"evm.TU.HIC_ASM_5.458" 0.840132984114933 0.840132984114933 0.840132984114933 0.840132984114933 0.840132984114933 0.840132984114933 0.840132984114933 0.833627642131721
"evm.TU.HIC_ASM_5.50" 0.840132984114933 0.840132984114933 0.840132984114933 0 0.840132984114933 0.840132984114933 0.840132984114933 0.921353919086867
"evm.TU.HIC_ASM_5.529" 0.840132984114933 0.840132984114933 0.840132984114933 0.840132984114933 0.840132984114933 0.840132984114933 0 0.921353919086867
"evm.TU.HIC_ASM_5.563" 0.840132984114933 0 0.840132984114933 0.840132984114933 0.840132984114933 0.840132984114933 0.840132984114933 0.921353919086868
"evm.TU.HIC_ASM_5.692" 0.840132984114933 0.840132984114933 0.840132984114933 0 0.840132984114933 0.840132984114933 0.840132984114933 0.921353919086867
"evm.TU.HIC_ASM_5.885" 0.840132984114933 0.840132984114933 0.840132984114933 0.840132984114933 0.840132984114933 0.840132984114933 0.840132984114933 1.00150499296696e-16
"evm.TU.HIC_ASM_5.907" 0 0.840132984114933 0.840132984114933 0.840132984114933 0.840132984114933 0.840132984114933 0.840132984114933 0.921353919086868
"evm.TU.HIC_ASM_6.1091" 0 0.840132984114933 0.840132984114933 0.840132984114933 0.840132984114933 0.840132984114933 0.840132984114933 0.921353919086868
"evm.TU.HIC_ASM_6.1213" 0.840132984114933 0.840132984114933 0.840132984114933 0.840132984114933 0.840132984114933 0.840132984114933 0 0.921353919086867
"evm.TU.HIC_ASM_6.1219" 0.840132984114933 0.840132984114933 0.840132984114933 0.840132984114933 0.840132984114933 0.840132984114933 0.840132984114933 1.00150499296696e-16
"evm.TU.HIC_ASM_6.1301" 0.840132984114933 0.840132984114933 0.840132984114933 0.840132984114933 0 0.840132984114933 0.840132984114933 0.921353919086868
"evm.TU.HIC_ASM_6.137" 0 0.840132984114933 0.840132984114933 0.840132984114933 0.840132984114933 0.840132984114933 0.840132984114933 0.921353919086868
"evm.TU.HIC_ASM_6.1438" 0.840132984114933 0.840132984114933 0.840132984114933 0.840132984114933 0.840132984114933 0.840132984114933 0.840132984114933 0.887386976762674
"evm.TU.HIC_ASM_6.1507" 0.840132984114933 0.840132984114933 0.840132984114933 0.840132984114933 0.840132984114933 0.840132984114933 0.840132984114933 1.00150499296696e-16
"evm.TU.HIC_ASM_6.153" 0.840132984114933 0.840132984114933 0.840132984114933 0.840132984114933 0.840132984114933 0 0.840132984114933 0.921353919086868
"evm.TU.HIC_ASM_6.1640" 0.840132984114933 0.840132984114933 0.840132984114933 0.840132984114933 0.840132984114933 0.840132984114933 0.840132984114933 0.880968021665584
"evm.TU.HIC_ASM_6.177" 0.840132984114933 0.840132984114933 0.840132984114933 0.840132984114933 0.840132984114933 0.840132984114933 0.840132984114933 0.893150915572561
"evm.TU.HIC_ASM_6.1957" 0.840132984114933 0.840132984114933 0.840132984114933 0.840132984114933 0.840132984114933 0.840132984114933 0.840132984114933 0.880968021665584
"evm.TU.HIC_ASM_6.1993" 0.840132984114933 0.840132984114933 0.840132984114933 0.840132984114933 0.840132984114933 0.840132984114933 0.840132984114933 0.880968021665584
"evm.TU.HIC_ASM_6.200" 0.840132984114933 0.840132984114933 0.840132984114933 0.840132984114933 0.840132984114933 0.840132984114933 0.840132984114933 0.887386976762674
"evm.TU.HIC_ASM_6.2069" 0 0.840132984114933 0.840132984114933 0.840132984114933 0.840132984114933 0.840132984114933 0.840132984114933 0.921353919086868
"evm.TU.HIC_ASM_6.2095" 0.840132984114933 0.840132984114933 0.840132984114933 0.840132984114933 0.840132984114933 0.840132984114933 0.840132984114933 0.893150915572561
"evm.TU.HIC_ASM_6.2098" 0.840132984114933 0.840132984114933 0.840132984114933 0.840132984114933 0.840132984114933 0.840132984114933 0.840132984114933 0.880968021665584
"evm.TU.HIC_ASM_6.2121" 0.840132984114933 0.840132984114933 0.840132984114933 0.840132984114933 0.840132984114933 0 0.840132984114933 0.921353919086868
"evm.TU.HIC_ASM_6.214" 0.840132984114933 0.840132984114933 0.840132984114933 0.840132984114933 0.840132984114933 0 0.840132984114933 0.921353919086868
"evm.TU.HIC_ASM_6.2154" 0.840132984114933 0.840132984114933 0.840132984114933 0.840132984114933 0.840132984114933 0 0.840132984114933 0.921353919086868
"evm.TU.HIC_ASM_6.2160" 0.840132984114933 0 0.840132984114933 0.840132984114933 0.840132984114933 0.840132984114933 0.840132984114933 0.921353919086868
"evm.TU.HIC_ASM_6.2164" 0.840132984114933 0.840132984114933 0.840132984114933 0.840132984114933 0.840132984114933 0.840132984114933 0.840132984114933 0.865663485821943
"evm.TU.HIC_ASM_6.2283" 0.840132984114933 0.840132984114933 0.840132984114933 0.840132984114933 0.840132984114933 0.840132984114933 0.840132984114933 1.00150499296696e-16
"evm.TU.HIC_ASM_6.2386" 0.840132984114933 0.840132984114933 0.840132984114933 0.840132984114933 0.840132984114933 0.840132984114933 0.840132984114933 0.845869543056884
"evm.TU.HIC_ASM_6.2395" 0 0.840132984114933 0.840132984114933 0.840132984114933 0.840132984114933 0.840132984114933 0.840132984114933 0.921353919086868
"evm.TU.HIC_ASM_6.2529" 0.840132984114933 0.840132984114933 0.840132984114933 0 0.840132984114933 0.840132984114933 0.840132984114933 0.921353919086867
"evm.TU.HIC_ASM_6.2534" 0.840132984114933 0.840132984114933 0.840132984114933 0.840132984114933 0.840132984114933 0.840132984114933 0.840132984114933 0.880968021665584
"evm.TU.HIC_ASM_6.26" 0.840132984114933 0.840132984114933 0.840132984114933 0 0.840132984114933 0.840132984114933 0.840132984114933 0.921353919086867
"evm.TU.HIC_ASM_6.2683" 0.840132984114933 0.840132984114933 0.840132984114933 0.840132984114933 0.840132984114933 0.840132984114933 0 0.921353919086867
"evm.TU.HIC_ASM_6.2751" 0.840132984114933 0.840132984114933 0 0.840132984114933 0.840132984114933 0.840132984114933 0.840132984114933 0.921353919086868
"evm.TU.HIC_ASM_6.2810" 0 0.840132984114933 0.840132984114933 0.840132984114933 0.840132984114933 0.840132984114933 0.840132984114933 0.921353919086868
"evm.TU.HIC_ASM_6.298" 0 0.840132984114933 0.840132984114933 0.840132984114933 0.840132984114933 0.840132984114933 0.840132984114933 0.921353919086868
"evm.TU.HIC_ASM_6.2990" 0.840132984114933 0 0.840132984114933 0.840132984114933 0.840132984114933 0.840132984114933 0.840132984114933 0.921353919086868
"evm.TU.HIC_ASM_6.3028" 0.840132984114933 0.840132984114933 0.840132984114933 0.840132984114933 0.840132984114933 0.840132984114933 0 0.921353919086867
"evm.TU.HIC_ASM_6.3034" 0.840132984114933 0.840132984114933 0.840132984114933 0.840132984114933 0.840132984114933 0.840132984114933 0.840132984114933 0.275509640200562
"evm.TU.HIC_ASM_6.3035" 0.840132984114933 0.840132984114933 0.840132984114933 0.840132984114933 0.840132984114933 0.840132984114933 0.840132984114933 0.275509640200562
"evm.TU.HIC_ASM_6.3091" 0.840132984114933 0.840132984114933 0.840132984114933 0.840132984114933 0.840132984114933 0.840132984114933 0.840132984114933 0.833627642131721
"evm.TU.HIC_ASM_6.3100" 0.840132984114933 0.840132984114933 0.840132984114933 0.840132984114933 0.840132984114933 0.840132984114933 0.840132984114933 0.911318544147956
"evm.TU.HIC_ASM_6.3122" 0.840132984114933 0.840132984114933 0.840132984114933 0.840132984114933 0.840132984114933 0.840132984114933 0.840132984114933 0.72497563135033
"evm.TU.HIC_ASM_6.3161" 0.840132984114933 0.840132984114933 0.840132984114933 0.840132984114933 0.840132984114933 0.840132984114933 0.840132984114933 0.865663485821943
"evm.TU.HIC_ASM_6.320" 0.840132984114933 0.840132984114933 0.840132984114933 0.840132984114933 0.840132984114933 0.840132984114933 0.840132984114933 0.845869543056884
"evm.TU.HIC_ASM_6.3206" 0.840132984114933 0.840132984114933 0.840132984114933 0.840132984114933 0.840132984114933 0.840132984114933 0.840132984114933 0.89835498288196
"evm.TU.HIC_ASM_6.3207" 0.840132984114933 0.840132984114933 0.840132984114933 0.840132984114933 0.840132984114933 0.840132984114933 0.840132984114933 0.275509640200562
"evm.TU.HIC_ASM_6.3416" 0.840132984114933 0 0.840132984114933 0.840132984114933 0.840132984114933 0.840132984114933 0.840132984114933 0.921353919086868
"evm.TU.HIC_ASM_6.3428" 0 0.840132984114933 0.840132984114933 0.840132984114933 0.840132984114933 0.840132984114933 0.840132984114933 0.921353919086868
"evm.TU.HIC_ASM_6.367" 0.840132984114933 0.840132984114933 0.840132984114933 0.840132984114933 0 0.840132984114933 0.840132984114933 0.921353919086868
"evm.TU.HIC_ASM_6.3675" 0.840132984114933 0 0.840132984114933 0.840132984114933 0.840132984114933 0.840132984114933 0.840132984114933 0.921353919086868
"evm.TU.HIC_ASM_6.3709" 0.840132984114933 0.840132984114933 0.840132984114933 0.840132984114933 0.840132984114933 0 0.840132984114933 0.921353919086868
"evm.TU.HIC_ASM_6.3802" 0.840132984114933 0.840132984114933 0.840132984114933 0.840132984114933 0.840132984114933 0 0.840132984114933 0.921353919086868
"evm.TU.HIC_ASM_6.3875" 0.840132984114933 0.840132984114933 0 0.840132984114933 0.840132984114933 0.840132984114933 0.840132984114933 0.921353919086868
"evm.TU.HIC_ASM_6.3886" 0.840132984114933 0.840132984114933 0.840132984114933 0.840132984114933 0.840132984114933 0.840132984114933 0.840132984114933 0.833627642131721
"evm.TU.HIC_ASM_6.3887" 0.840132984114933 0.840132984114933 0.840132984114933 0.840132984114933 0.840132984114933 0.840132984114933 0.840132984114933 1.00150499296696e-16
"evm.TU.HIC_ASM_6.3891" 0.840132984114933 0.840132984114933 0.840132984114933 0.840132984114933 0 0.840132984114933 0.840132984114933 0.921353919086868
"evm.TU.HIC_ASM_6.3923" 0.840132984114933 0.840132984114933 0.840132984114933 0.840132984114933 0.840132984114933 0 0.840132984114933 0.921353919086868
"evm.TU.HIC_ASM_6.3953" 0.840132984114933 0.840132984114933 0.840132984114933 0.840132984114933 0.840132984114933 0.840132984114933 0.840132984114933 0.275509640200562
"evm.TU.HIC_ASM_6.3969" 0.840132984114933 0 0.840132984114933 0.840132984114933 0.840132984114933 0.840132984114933 0.840132984114933 0.921353919086868
"evm.TU.HIC_ASM_6.4024" 0.840132984114933 0.840132984114933 0 0.840132984114933 0.840132984114933 0.840132984114933 0.840132984114933 0.921353919086868
"evm.TU.HIC_ASM_6.4057" 0.840132984114933 0.840132984114933 0.840132984114933 0.840132984114933 0.840132984114933 0.840132984114933 0.840132984114933 0.275509640200562
"evm.TU.HIC_ASM_6.4137" 0.840132984114933 0.840132984114933 0.840132984114933 0.840132984114933 0.840132984114933 0.840132984114933 0.840132984114933 0.880968021665584
"evm.TU.HIC_ASM_6.4154" 0.840132984114933 0.840132984114933 0.840132984114933 0.840132984114933 0.840132984114933 0.840132984114933 0 0.921353919086867
"evm.TU.HIC_ASM_6.4171" 0.840132984114933 0.840132984114933 0.840132984114933 0.840132984114933 0.840132984114933 0 0.840132984114933 0.921353919086868
"evm.TU.HIC_ASM_6.441" 0 0.840132984114933 0.840132984114933 0.840132984114933 0.840132984114933 0.840132984114933 0.840132984114933 0.921353919086868
"evm.TU.HIC_ASM_6.634" 0.840132984114933 0.840132984114933 0 0.840132984114933 0.840132984114933 0.840132984114933 0.840132984114933 0.921353919086868
"evm.TU.HIC_ASM_6.674" 0.840132984114933 0.840132984114933 0.840132984114933 0.840132984114933 0.840132984114933 0 0.840132984114933 0.921353919086868
"evm.TU.HIC_ASM_7.105" 0.840132984114933 0.840132984114933 0.840132984114933 0.840132984114933 0.840132984114933 0.840132984114933 0.840132984114933 0.275509640200562
"evm.TU.HIC_ASM_7.1420" 0.840132984114933 0.840132984114933 0.840132984114933 0 0.840132984114933 0.840132984114933 0.840132984114933 0.921353919086867
"evm.TU.HIC_ASM_7.1626" 0.840132984114933 0.840132984114933 0 0.840132984114933 0.840132984114933 0.840132984114933 0.840132984114933 0.921353919086868
"evm.TU.HIC_ASM_7.1643" 0.840132984114933 0 0.840132984114933 0.840132984114933 0.840132984114933 0.840132984114933 0.840132984114933 0.921353919086868
"evm.TU.HIC_ASM_7.1774" 0.840132984114933 0 0.840132984114933 0.840132984114933 0.840132984114933 0.840132984114933 0.840132984114933 0.921353919086868
"evm.TU.HIC_ASM_7.1776" 0.840132984114933 0.840132984114933 0.840132984114933 0.840132984114933 0.840132984114933 0.840132984114933 0 0.921353919086867
"evm.TU.HIC_ASM_7.1794" 0.840132984114933 0.840132984114933 0.840132984114933 0.840132984114933 0.840132984114933 0 0.840132984114933 0.921353919086868
"evm.TU.HIC_ASM_7.18" 0.840132984114933 0.840132984114933 0.840132984114933 0.840132984114933 0.840132984114933 0.840132984114933 0.840132984114933 0.275509640200562
"evm.TU.HIC_ASM_7.1829" 0.840132984114933 0.840132984114933 0.840132984114933 0.840132984114933 0.840132984114933 0.840132984114933 0.840132984114933 0.887386976762674
"evm.TU.HIC_ASM_7.1856" 0.840132984114933 0.840132984114933 0.840132984114933 0.840132984114933 0.840132984114933 0 0.840132984114933 0.921353919086868
"evm.TU.HIC_ASM_7.1885" 0.840132984114933 0 0.840132984114933 0.840132984114933 0.840132984114933 0.840132984114933 0.840132984114933 0.921353919086868
"evm.TU.HIC_ASM_7.2008" 0.840132984114933 0.840132984114933 0 0.840132984114933 0.840132984114933 0.840132984114933 0.840132984114933 0.921353919086868
"evm.TU.HIC_ASM_7.2022" 0.840132984114933 0.840132984114933 0.840132984114933 0.840132984114933 0.840132984114933 0.840132984114933 0.840132984114933 0.72497563135033
"evm.TU.HIC_ASM_7.2031" 0.840132984114933 0.840132984114933 0.840132984114933 0.840132984114933 0.840132984114933 0 0.840132984114933 0.921353919086868
"evm.TU.HIC_ASM_7.2083" 0.840132984114933 0.840132984114933 0.840132984114933 0.840132984114933 0.840132984114933 0.840132984114933 0.840132984114933 0.724975631350328
"evm.TU.HIC_ASM_7.209" 0.840132984114933 0.840132984114933 0.840132984114933 0.840132984114933 0 0.840132984114933 0.840132984114933 0.921353919086868
"evm.TU.HIC_ASM_7.2167" 0.840132984114933 0.840132984114933 0.840132984114933 0.840132984114933 0.840132984114933 0 0.840132984114933 0.921353919086868
"evm.TU.HIC_ASM_7.2173" 0 0.840132984114933 0.840132984114933 0.840132984114933 0.840132984114933 0.840132984114933 0.840132984114933 0.921353919086868
"evm.TU.HIC_ASM_7.2401" 0.840132984114933 0.840132984114933 0.840132984114933 0.840132984114933 0 0.840132984114933 0.840132984114933 0.921353919086868
"evm.TU.HIC_ASM_7.251" 0.840132984114933 0.840132984114933 0.840132984114933 0.840132984114933 0.840132984114933 0.840132984114933 0.840132984114933 0.802277121334663
"evm.TU.HIC_ASM_7.470" 0.840132984114933 0.840132984114933 0.840132984114933 0.840132984114933 0.840132984114933 0.840132984114933 0.840132984114933 0.72497563135033
"evm.TU.HIC_ASM_7.562" 0.840132984114933 0.840132984114933 0.840132984114933 0.840132984114933 0.840132984114933 0.840132984114933 0.840132984114933 0.887386976762674
"evm.TU.HIC_ASM_7.58" 0.840132984114933 0.840132984114933 0.840132984114933 0.840132984114933 0.840132984114933 0.840132984114933 0.840132984114933 1.00150499296696e-16
"evm.TU.HIC_ASM_7.682" 0.840132984114933 0.840132984114933 0 0.840132984114933 0.840132984114933 0.840132984114933 0.840132984114933 0.921353919086868
"evm.TU.HIC_ASM_7.707" 0.840132984114933 0.840132984114933 0.840132984114933 0.840132984114933 0.840132984114933 0.840132984114933 0.840132984114933 0.72497563135033
"evm.TU.HIC_ASM_7.787" 0.840132984114933 0.840132984114933 0 0.840132984114933 0.840132984114933 0.840132984114933 0.840132984114933 0.921353919086868
"evm.TU.HIC_ASM_7.822" 0.840132984114933 0 0.840132984114933 0.840132984114933 0.840132984114933 0.840132984114933 0.840132984114933 0.921353919086868
"evm.TU.HIC_ASM_7.890" 0.840132984114933 0.840132984114933 0.840132984114933 0.840132984114933 0.840132984114933 0.840132984114933 0.840132984114933 0.856442106061586
"evm.TU.HIC_ASM_7.90" 0.840132984114933 0.840132984114933 0.840132984114933 0.840132984114933 0.840132984114933 0.840132984114933 0.840132984114933 0.856442106061586
"evm.TU.HIC_ASM_7.904" 0.840132984114933 0.840132984114933 0.840132984114933 0.840132984114933 0.840132984114933 0.840132984114933 0.840132984114933 0.72497563135033
"evm.TU.HIC_ASM_8.1101" 0.840132984114933 0.840132984114933 0.840132984114933 0.840132984114933 0.840132984114933 0.840132984114933 0.840132984114933 0.865663485821943
"evm.TU.HIC_ASM_8.1182" 0.840132984114933 0.840132984114933 0.840132984114933 0.840132984114933 0.840132984114933 0.840132984114933 0.840132984114933 0.724975631350328
"evm.TU.HIC_ASM_8.1212" 0.840132984114933 0.840132984114933 0.840132984114933 0.840132984114933 0.840132984114933 0.840132984114933 0.840132984114933 0.72497563135033
"evm.TU.HIC_ASM_8.1245" 0.840132984114933 0.840132984114933 0.840132984114933 0.840132984114933 0.840132984114933 0.840132984114933 0 0.921353919086867
"evm.TU.HIC_ASM_8.1312" 0.840132984114933 0.840132984114933 0.840132984114933 0.840132984114933 0.840132984114933 0.840132984114933 0 0.921353919086867
"evm.TU.HIC_ASM_8.1425" 0.840132984114933 0.840132984114933 0.840132984114933 0.840132984114933 0.840132984114933 0.840132984114933 0.840132984114933 0.911318544147956
"evm.TU.HIC_ASM_8.1435" 0.840132984114933 0.840132984114933 0.840132984114933 0.840132984114933 0.840132984114933 0.840132984114933 0.840132984114933 0.911318544147956
"evm.TU.HIC_ASM_8.1457" 0.840132984114933 0.840132984114933 0.840132984114933 0 0.840132984114933 0.840132984114933 0.840132984114933 0.921353919086867
"evm.TU.HIC_ASM_8.1575" 0.840132984114933 0.840132984114933 0.840132984114933 0.840132984114933 0.840132984114933 0.840132984114933 0.840132984114933 0.802277121334663
"evm.TU.HIC_ASM_8.1638" 0.840132984114933 0.840132984114933 0.840132984114933 0.840132984114933 0.840132984114933 0.840132984114933 0.840132984114933 1.00150499296696e-16
"evm.TU.HIC_ASM_8.1676" 0.840132984114933 0.840132984114933 0.840132984114933 0.840132984114933 0.840132984114933 0 0.840132984114933 0.921353919086868
"evm.TU.HIC_ASM_8.1809" 0.840132984114933 0.840132984114933 0.840132984114933 0 0.840132984114933 0.840132984114933 0.840132984114933 0.921353919086867
"evm.TU.HIC_ASM_8.1816" 0.840132984114933 0.840132984114933 0 0.840132984114933 0.840132984114933 0.840132984114933 0.840132984114933 0.921353919086868
"evm.TU.HIC_ASM_8.1836" 0.840132984114933 0.840132984114933 0.840132984114933 0.840132984114933 0 0.840132984114933 0.840132984114933 0.921353919086868
"evm.TU.HIC_ASM_8.1841" 0.840132984114933 0.840132984114933 0.840132984114933 0.840132984114933 0.840132984114933 0 0.840132984114933 0.921353919086868
"evm.TU.HIC_ASM_8.302" 0.840132984114933 0.840132984114933 0.840132984114933 0.840132984114933 0.840132984114933 0.840132984114933 0.840132984114933 0.845869543056884
"evm.TU.HIC_ASM_8.356" 0.840132984114933 0.840132984114933 0.840132984114933 0.840132984114933 0 0.840132984114933 0.840132984114933 0.921353919086868
"evm.TU.HIC_ASM_8.363" 0.840132984114933 0.840132984114933 0.840132984114933 0.840132984114933 0.840132984114933 0.840132984114933 0.840132984114933 0.724975631350328
"evm.TU.HIC_ASM_8.364" 0.840132984114933 0.840132984114933 0.840132984114933 0.840132984114933 0.840132984114933 0.840132984114933 0.840132984114933 0.275509640200562
"evm.TU.HIC_ASM_8.450" 0 0.840132984114933 0.840132984114933 0.840132984114933 0.840132984114933 0.840132984114933 0.840132984114933 0.921353919086868
"evm.TU.HIC_ASM_8.451" 0.840132984114933 0.840132984114933 0.840132984114933 0.840132984114933 0.840132984114933 0.840132984114933 0 0.921353919086867
"evm.TU.HIC_ASM_8.469" 0.840132984114933 0.840132984114933 0 0.840132984114933 0.840132984114933 0.840132984114933 0.840132984114933 0.921353919086868
"evm.TU.HIC_ASM_8.476" 0.840132984114933 0.840132984114933 0.840132984114933 0.840132984114933 0.840132984114933 0.840132984114933 0.840132984114933 0.802277121334663
"evm.TU.HIC_ASM_8.526" 0.840132984114933 0.840132984114933 0 0.840132984114933 0.840132984114933 0.840132984114933 0.840132984114933 0.921353919086868
"evm.TU.HIC_ASM_8.591" 0.840132984114933 0.840132984114933 0.840132984114933 0.840132984114933 0.840132984114933 0.840132984114933 0.840132984114933 0.724975631350328
"evm.TU.HIC_ASM_8.628" 0.840132984114933 0.840132984114933 0.840132984114933 0.840132984114933 0.840132984114933 0.840132984114933 0 0.921353919086867
"evm.TU.HIC_ASM_8.638" 0.840132984114933 0.840132984114933 0.840132984114933 0 0.840132984114933 0.840132984114933 0.840132984114933 0.921353919086867
"evm.TU.HIC_ASM_8.685" 0.840132984114933 0.840132984114933 0.840132984114933 0.840132984114933 0.840132984114933 0.840132984114933 0.840132984114933 1.00150499296696e-16
"evm.TU.HIC_ASM_8.70" 0.840132984114933 0.840132984114933 0.840132984114933 0.840132984114933 0.840132984114933 0.840132984114933 0.840132984114933 0.865663485821943
"evm.TU.HIC_ASM_8.738" 0.840132984114933 0 0.840132984114933 0.840132984114933 0.840132984114933 0.840132984114933 0.840132984114933 0.921353919086868
"evm.TU.HIC_ASM_8.841" 0 0.840132984114933 0.840132984114933 0.840132984114933 0.840132984114933 0.840132984114933 0.840132984114933 0.921353919086868
"evm.TU.HIC_ASM_8.889" 0.840132984114933 0.840132984114933 0.840132984114933 0.840132984114933 0.840132984114933 0.840132984114933 0.840132984114933 0.887386976762673
"evm.TU.HIC_ASM_8.899" 0.840132984114933 0.840132984114933 0.840132984114933 0.840132984114933 0.840132984114933 0.840132984114933 0.840132984114933 0.802277121334663
"evm.TU.HIC_ASM_9.1027" 0 0.840132984114933 0.840132984114933 0.840132984114933 0.840132984114933 0.840132984114933 0.840132984114933 0.921353919086868
"evm.TU.HIC_ASM_9.1424" 0 0.840132984114933 0.840132984114933 0.840132984114933 0.840132984114933 0.840132984114933 0.840132984114933 0.921353919086868
"evm.TU.HIC_ASM_9.157" 0.840132984114933 0.840132984114933 0.840132984114933 0.840132984114933 0 0.840132984114933 0.840132984114933 0.921353919086868
"evm.TU.HIC_ASM_9.1617" 0.840132984114933 0.840132984114933 0.840132984114933 0.840132984114933 0.840132984114933 0.840132984114933 0.840132984114933 0.72497563135033
"evm.TU.HIC_ASM_9.168" 0.840132984114933 0.840132984114933 0.840132984114933 0.840132984114933 0.840132984114933 0.840132984114933 0.840132984114933 0.275509640200562
"evm.TU.HIC_ASM_9.1762" 0.840132984114933 0.840132984114933 0.840132984114933 0.840132984114933 0.840132984114933 0.840132984114933 0.840132984114933 0.893150915572561
"evm.TU.HIC_ASM_9.1763" 0.840132984114933 0.840132984114933 0.840132984114933 0.840132984114933 0 0.840132984114933 0.840132984114933 0.921353919086868
"evm.TU.HIC_ASM_9.1797" 0.840132984114933 0 0.840132984114933 0.840132984114933 0.840132984114933 0.840132984114933 0.840132984114933 0.921353919086868
"evm.TU.HIC_ASM_9.1849" 0.840132984114933 0.840132984114933 0.840132984114933 0.840132984114933 0.840132984114933 0.840132984114933 0.840132984114933 0.833627642131721
"evm.TU.HIC_ASM_9.1868" 0.840132984114933 0.840132984114933 0.840132984114933 0.840132984114933 0.840132984114933 0.840132984114933 0.840132984114933 0.724975631350328
"evm.TU.HIC_ASM_9.187" 0.840132984114933 0.840132984114933 0.840132984114933 0.840132984114933 0.840132984114933 0.840132984114933 0.840132984114933 1.00150499296696e-16
"evm.TU.HIC_ASM_9.1943" 0.840132984114933 0.840132984114933 0.840132984114933 0.840132984114933 0.840132984114933 0.840132984114933 0.840132984114933 0.856442106061586
"evm.TU.HIC_ASM_9.203" 0.840132984114933 0.840132984114933 0.840132984114933 0.840132984114933 0.840132984114933 0.840132984114933 0.840132984114933 0.845869543056884
"evm.TU.HIC_ASM_9.242" 0.840132984114933 0 0.840132984114933 0.840132984114933 0.840132984114933 0.840132984114933 0.840132984114933 0.921353919086868
"evm.TU.HIC_ASM_9.366" 0.840132984114933 0.840132984114933 0.840132984114933 0 0.840132984114933 0.840132984114933 0.840132984114933 0.921353919086867
"evm.TU.HIC_ASM_9.417" 0.840132984114933 0.840132984114933 0.840132984114933 0.840132984114933 0.840132984114933 0.840132984114933 0.840132984114933 0.275509640200562
"evm.TU.HIC_ASM_9.495" 0.840132984114933 0.840132984114933 0.840132984114933 0.840132984114933 0.840132984114933 0.840132984114933 0 0.921353919086867
"evm.TU.HIC_ASM_9.616" 0.840132984114933 0.840132984114933 0.840132984114933 0.840132984114933 0 0.840132984114933 0.840132984114933 0.921353919086868
"evm.TU.HIC_ASM_9.670" 0.840132984114933 0.840132984114933 0.840132984114933 0.840132984114933 0.840132984114933 0.840132984114933 0.840132984114933 0.833627642131721
"evm.TU.HIC_ASM_9.822" 0.840132984114933 0.840132984114933 0.840132984114933 0.840132984114933 0.840132984114933 0.840132984114933 0.840132984114933 0.887386976762673
"evm.TU.HIC_ASM_9.969" 0.840132984114933 0.840132984114933 0.840132984114933 0 0.840132984114933 0.840132984114933 0.840132984114933 0.921353919086867
"evm.TU.ORIGINAL_113.11" 0.840132984114933 0.840132984114933 0.840132984114933 0.840132984114933 0.840132984114933 0.840132984114933 0 0.921353919086867
"evm.TU.ORIGINAL_130.3" 0.840132984114933 0.840132984114933 0.840132984114933 0.840132984114933 0 0.840132984114933 0.840132984114933 0.921353919086868
"evm.TU.ORIGINAL_130.5" 0.840132984114933 0.840132984114933 0.840132984114933 0.840132984114933 0.840132984114933 0.840132984114933 0.840132984114933 0.89835498288196
"evm.TU.ORIGINAL_154.9" 0 0.840132984114933 0.840132984114933 0.840132984114933 0.840132984114933 0.840132984114933 0.840132984114933 0.921353919086868
"evm.TU.ORIGINAL_179__FRAGMENT_1.4" 0.840132984114933 0.840132984114933 0.840132984114933 0.840132984114933 0.840132984114933 0.840132984114933 0.840132984114933 0.880968021665584
"evm.TU.ORIGINAL_200.16" 0 0.840132984114933 0.840132984114933 0.840132984114933 0.840132984114933 0.840132984114933 0.840132984114933 0.921353919086868
"evm.TU.ORIGINAL_200.6" 0.840132984114933 0.840132984114933 0.840132984114933 0.840132984114933 0.840132984114933 0 0.840132984114933 0.921353919086868
"evm.TU.ORIGINAL_247__FRAGMENT_1.11" 0.840132984114933 0.840132984114933 0.840132984114933 0.840132984114933 0.840132984114933 0.840132984114933 0.840132984114933 0.833627642131721
"evm.TU.ORIGINAL_247__FRAGMENT_2.42" 0.840132984114933 0.840132984114933 0.840132984114933 0.840132984114933 0.840132984114933 0.840132984114933 0.840132984114933 0.802277121334663
"evm.TU.ORIGINAL_247__FRAGMENT_2.50" 0.840132984114933 0.840132984114933 0.840132984114933 0.840132984114933 0.840132984114933 0.840132984114933 0.840132984114933 0.802277121334663
"evm.TU.ORIGINAL_247__FRAGMENT_2.53" 0.840132984114933 0.840132984114933 0 0.840132984114933 0.840132984114933 0.840132984114933 0.840132984114933 0.921353919086868
"evm.TU.ORIGINAL_250.2" 0.840132984114933 0.840132984114933 0.840132984114933 0.840132984114933 0 0.840132984114933 0.840132984114933 0.921353919086868
"evm.TU.ORIGINAL_268.4" 0.840132984114933 0.840132984114933 0.840132984114933 0.840132984114933 0.840132984114933 0.840132984114933 0.840132984114933 1.00150499296696e-16
"evm.TU.ORIGINAL_320__FRAGMENT_2.1" 0.840132984114933 0.840132984114933 0.840132984114933 0.840132984114933 0.840132984114933 0.840132984114933 0.840132984114933 0.275509640200562
"evm.TU.ORIGINAL_347.2" 0.840132984114933 0.840132984114933 0.840132984114933 0.840132984114933 0.840132984114933 0.840132984114933 0 0.921353919086867
"evm.TU.ORIGINAL_352.1" 0.840132984114933 0.840132984114933 0.840132984114933 0.840132984114933 0.840132984114933 0 0.840132984114933 0.921353919086868
"evm.TU.ORIGINAL_354.1" 0.840132984114933 0.840132984114933 0.840132984114933 0.840132984114933 0.840132984114933 0.840132984114933 0.840132984114933 0.724975631350328
"evm.TU.ORIGINAL_355.20" 0.840132984114933 0.840132984114933 0.840132984114933 0.840132984114933 0.840132984114933 0.840132984114933 0.840132984114933 0.880968021665584
"evm.TU.ORIGINAL_355.8" 0.840132984114933 0.840132984114933 0.840132984114933 0.840132984114933 0 0.840132984114933 0.840132984114933 0.921353919086868
"evm.TU.ORIGINAL_378.22" 0.840132984114933 0.840132984114933 0.840132984114933 0.840132984114933 0.840132984114933 0 0.840132984114933 0.921353919086868
"evm.TU.ORIGINAL_425.4" 0 0.840132984114933 0.840132984114933 0.840132984114933 0.840132984114933 0.840132984114933 0.840132984114933 0.921353919086868
"evm.TU.ORIGINAL_435__FRAGMENT_2.5" 0.840132984114933 0.840132984114933 0.840132984114933 0.840132984114933 0.840132984114933 0.840132984114933 0.840132984114933 0.72497563135033
"evm.TU.ORIGINAL_437__FRAGMENT_2.19" 0.840132984114933 0.840132984114933 0.840132984114933 0.840132984114933 0.840132984114933 0.840132984114933 0.840132984114933 0.275509640200562
"evm.TU.ORIGINAL_458.13" 0.840132984114933 0.840132984114933 0.840132984114933 0.840132984114933 0.840132984114933 0.840132984114933 0.840132984114933 0.275509640200562
"evm.TU.ORIGINAL_471.3" 0.840132984114933 0.840132984114933 0.840132984114933 0.840132984114933 0.840132984114933 0.840132984114933 0.840132984114933 0.724975631350328
"evm.TU.ORIGINAL_484__FRAGMENT_1.12" 0.840132984114933 0.840132984114933 0.840132984114933 0.840132984114933 0 0.840132984114933 0.840132984114933 0.921353919086868
"evm.TU.ORIGINAL_484__FRAGMENT_1.7" 0.840132984114933 0.840132984114933 0.840132984114933 0.840132984114933 0.840132984114933 0.840132984114933 0.840132984114933 1.00150499296696e-16
"evm.TU.ORIGINAL_484__FRAGMENT_2.11" 0.840132984114933 0.840132984114933 0.840132984114933 0.840132984114933 0.840132984114933 0.840132984114933 0.840132984114933 0.856442106061586
"evm.TU.ORIGINAL_484__FRAGMENT_2.12" 0.840132984114933 0.840132984114933 0.840132984114933 0.840132984114933 0.840132984114933 0.840132984114933 0.840132984114933 0.833627642131721
"evm.TU.ORIGINAL_488.13" 0.840132984114933 0.840132984114933 0.840132984114933 0.840132984114933 0.840132984114933 0.840132984114933 0 0.921353919086867
"evm.TU.ORIGINAL_488.3" 0.840132984114933 0.840132984114933 0.840132984114933 0.840132984114933 0.840132984114933 0.840132984114933 0.840132984114933 0.856442106061586
"PB.2920" 0.840132984114933 0.840132984114933 0.840132984114933 0.840132984114933 0.840132984114933 0.840132984114933 0.840132984114933 0.887386976762673
"PB.21997" 0.840132984114933 0.840132984114933 0.840132984114933 0 0.840132984114933 0.840132984114933 0.840132984114933 0.921353919086867
"PB.17396" 0.840132984114933 0.840132984114933 0.840132984114933 0.840132984114933 0.840132984114933 0.840132984114933 0 0.921353919086867
"PB.16383" 0.840132984114933 0.840132984114933 0.840132984114933 0.840132984114933 0.840132984114933 0.840132984114933 0.840132984114933 0.275509640200562
"PB.3397" 0.840132984114933 0.840132984114933 0 0.840132984114933 0.840132984114933 0.840132984114933 0.840132984114933 0.921353919086868
"PB.3109" 0.840132984114933 0.840132984114933 0.840132984114933 0 0.840132984114933 0.840132984114933 0.840132984114933 0.921353919086867
"PB.17353" 0.840132984114933 0.840132984114933 0.840132984114933 0.840132984114933 0.840132984114933 0.840132984114933 0.840132984114933 0.72497563135033
"PB.10895" 0.840132984114933 0.840132984114933 0 0.840132984114933 0.840132984114933 0.840132984114933 0.840132984114933 0.921353919086868
"PB.437" 0.840132984114933 0.840132984114933 0.840132984114933 0.840132984114933 0.840132984114933 0.840132984114933 0.840132984114933 0.724975631350328
"PB.78" 0 0.840132984114933 0.840132984114933 0.840132984114933 0.840132984114933 0.840132984114933 0.840132984114933 0.921353919086868
"PB.462" 0.840132984114933 0.840132984114933 0.840132984114933 0.840132984114933 0.840132984114933 0.840132984114933 0.840132984114933 0.275509640200562
"PB.23269" 0.840132984114933 0.840132984114933 0.840132984114933 0 0.840132984114933 0.840132984114933 0.840132984114933 0.921353919086867
"PB.9590" 0.840132984114933 0 0.840132984114933 0.840132984114933 0.840132984114933 0.840132984114933 0.840132984114933 0.921353919086868
"PB.2816" 0.840132984114933 0.840132984114933 0.840132984114933 0.840132984114933 0.840132984114933 0.840132984114933 0.840132984114933 1.00150499296696e-16
"PB.13518" 0.840132984114933 0.840132984114933 0 0.840132984114933 0.840132984114933 0.840132984114933 0.840132984114933 0.921353919086868
"PB.15372" 0.840132984114933 0.840132984114933 0.840132984114933 0.840132984114933 0.840132984114933 0.840132984114933 0.840132984114933 0.865663485821943
"PB.3963" 0.840132984114933 0.840132984114933 0.840132984114933 0.840132984114933 0.840132984114933 0.840132984114933 0.840132984114933 1.00150499296696e-16
"PB.23690" 0.840132984114933 0.840132984114933 0.840132984114933 0.840132984114933 0.840132984114933 0.840132984114933 0.840132984114933 0.845869543056884
"PB.3" 0.840132984114933 0.840132984114933 0.840132984114933 0.840132984114933 0 0.840132984114933 0.840132984114933 0.921353919086868
"PB.2901" 0.840132984114933 0.840132984114933 0.840132984114933 0.840132984114933 0.840132984114933 0.840132984114933 0 0.921353919086867
"PB.4234" 0.840132984114933 0.840132984114933 0.840132984114933 0.840132984114933 0.840132984114933 0.840132984114933 0.840132984114933 0.845869543056884
"PB.1180" 0.840132984114933 0.840132984114933 0.840132984114933 0 0.840132984114933 0.840132984114933 0.840132984114933 0.921353919086867
"PB.19425" 0.840132984114933 0.840132984114933 0.840132984114933 0.840132984114933 0 0.840132984114933 0.840132984114933 0.921353919086868
"PB.15920" 0.840132984114933 0.840132984114933 0.840132984114933 0.840132984114933 0.840132984114933 0.840132984114933 0.840132984114933 0.880968021665584
"PB.8161" 0.840132984114933 0.840132984114933 0.840132984114933 0.840132984114933 0.840132984114933 0.840132984114933 0 0.921353919086867
"PB.20023" 0.840132984114933 0.840132984114933 0.840132984114933 0 0.840132984114933 0.840132984114933 0.840132984114933 0.921353919086867
"PB.22944" 0.840132984114933 0.840132984114933 0.840132984114933 0.840132984114933 0.840132984114933 0.840132984114933 0 0.921353919086867
