********************************************************************************
STREME - Sensitive, Thorough, Rapid, Enriched Motif Elicitation
********************************************************************************
MEME version 5.5.4 (Release date: Fri Jun 16 12:19:08 2023 -0700)

For further information on how to interpret these results please access https://meme-suite.org/meme.
To get a copy of the MEME Suite software please access https://meme-suite.org.

********************************************************************************


********************************************************************************
REFERENCE
********************************************************************************
If you use this program in your research, please cite:

Timothy L. Bailey,
"STREME: accurate and versatile sequence motif discovery",
Bioinformatics, Mar. 24, 2021.
********************************************************************************


ALPHABET= ACGT

strands: + -

Background letter frequencies
A 0.333 C 0.167 G 0.167 T 0.333 

MOTIF 1-ATATATATTTTTTA STREME-1
letter-probability matrix: alength= 4 w= 14 nsites= 52 E= 1.5e-001
 0.995871 0.001033 0.001033 0.002063
 0.002063 0.001033 0.001033 0.995871
 0.995871 0.001033 0.001033 0.002063
 0.002063 0.001033 0.001033 0.995871
 0.995871 0.001033 0.001033 0.002063
 0.002063 0.001033 0.001033 0.995871
 0.995871 0.001033 0.001033 0.002063
 0.002063 0.038511 0.038511 0.920916
 0.080730 0.001033 0.001033 0.917204
 0.037009 0.001033 0.001033 0.960925
 0.039541 0.038511 0.001033 0.920916
 0.189451 0.038511 0.001033 0.771005
 0.002063 0.001033 0.001033 0.995871
 0.995871 0.001033 0.001033 0.002063

MOTIF 2-ATTTTATTTTTATAT STREME-2
letter-probability matrix: alength= 4 w= 15 nsites= 73 E= 1.9e-001
 0.880635 0.051916 0.000706 0.066744
 0.001410 0.000706 0.000706 0.997179
 0.099410 0.000706 0.000706 0.899178
 0.001410 0.000706 0.000706 0.997179
 0.120148 0.026311 0.024581 0.828960
 0.971574 0.000706 0.026311 0.001410
 0.052620 0.000706 0.000706 0.945969
 0.001410 0.000706 0.000706 0.997179
 0.001410 0.000706 0.000706 0.997179
 0.001410 0.000706 0.000706 0.997179
 0.001410 0.000706 0.000706 0.997179
 0.910359 0.000706 0.000706 0.088230
 0.103830 0.026311 0.000706 0.869154
 0.880023 0.026311 0.000706 0.092960
 0.103830 0.000706 0.024581 0.870884

MOTIF 3-AAATATTTTTAAAA STREME-3
letter-probability matrix: alength= 4 w= 14 nsites= 119 E= 2.3e-001
 0.985062 0.000601 0.000601 0.013736
 0.997598 0.000601 0.000601 0.001200
 0.861825 0.022405 0.000601 0.115169
 0.001200 0.000601 0.000601 0.997598
 0.997598 0.000601 0.000601 0.001200
 0.001200 0.106475 0.044209 0.848115
 0.001200 0.000601 0.000601 0.997598
 0.021531 0.044209 0.000601 0.933659
 0.001200 0.000601 0.000601 0.997598
 0.122157 0.044209 0.000601 0.833033
 0.888578 0.109621 0.000601 0.001200
 0.997598 0.000601 0.000601 0.001200
 0.918785 0.068794 0.000601 0.011820
 0.997598 0.000601 0.000601 0.001200

MOTIF 4-AAMCGCGKCGS STREME-4
letter-probability matrix: alength= 4 w= 11 nsites= 146 E= 2.8e-001
 0.723627 0.068498 0.101230 0.106645
 0.739315 0.068498 0.100718 0.091470
 0.536830 0.303715 0.151450 0.008005
 0.000418 0.814470 0.184695 0.000418
 0.000418 0.000209 0.998955 0.000418
 0.000418 0.998955 0.000209 0.000418
 0.000418 0.000209 0.998955 0.000418
 0.023181 0.022972 0.488201 0.465646
 0.083882 0.738081 0.018279 0.159759
 0.167346 0.189901 0.558871 0.083882
 0.068707 0.334066 0.407118 0.190109

MOTIF 5-AAAAATATAAWAA STREME-5
letter-probability matrix: alength= 4 w= 13 nsites= 113 E= 2.1e+000
 0.745856 0.000517 0.000517 0.253110
 0.997932 0.000517 0.000517 0.001034
 0.997932 0.000517 0.000517 0.001034
 0.997932 0.000517 0.000517 0.001034
 0.997932 0.000517 0.000517 0.001034
 0.001034 0.000517 0.000517 0.997932
 0.997932 0.000517 0.000517 0.001034
 0.001034 0.000517 0.000517 0.997932
 0.997932 0.000517 0.000517 0.001034
 0.804764 0.121906 0.072296 0.001034
 0.581462 0.000517 0.056836 0.361185
 0.883035 0.000517 0.000517 0.115930
 0.997932 0.000517 0.000517 0.001034

MOTIF 6-ATATTATTTTAATAT STREME-6
letter-probability matrix: alength= 4 w= 15 nsites= 88 E= 4.5e+000
 0.832431 0.000804 0.029959 0.136807
 0.001605 0.000804 0.000804 0.996788
 0.996788 0.000804 0.000804 0.001605
 0.020080 0.029959 0.000804 0.949158
 0.001605 0.000804 0.000804 0.996788
 0.996788 0.000804 0.000804 0.001605
 0.011072 0.000804 0.000804 0.987321
 0.059915 0.000804 0.000804 0.938478
 0.059915 0.029959 0.029959 0.880168
 0.001605 0.000804 0.000804 0.996788
 0.996788 0.000804 0.000804 0.001605
 0.936928 0.000804 0.029959 0.032310
 0.001605 0.000804 0.000804 0.996788
 0.908091 0.000804 0.089500 0.001605
 0.001605 0.005538 0.000804 0.992054

MOTIF 7-AAAATAAATAAATTC STREME-7
letter-probability matrix: alength= 4 w= 15 nsites= 30 E= 5.6e+000
 0.963197 0.034064 0.000914 0.001825
 0.963197 0.000914 0.000914 0.034976
 0.996348 0.000914 0.000914 0.001825
 0.996348 0.000914 0.000914 0.001825
 0.034976 0.000914 0.000914 0.963197
 0.930046 0.034064 0.034064 0.001825
 0.963197 0.034064 0.000914 0.001825
 0.963197 0.000914 0.000914 0.034976
 0.167579 0.000914 0.000914 0.830594
 0.996348 0.000914 0.000914 0.001825
 0.996348 0.000914 0.000914 0.001825
 0.963197 0.000914 0.034064 0.001825
 0.068127 0.000914 0.000914 0.930046
 0.068127 0.034064 0.000914 0.896895
 0.134428 0.630778 0.034064 0.200730

********************************************************************************
Stopped because 3 consecutive motifs exceeded the p-value threshold (0.05).
********************************************************************************
COMMAND:	streme --p /home/share_data1/luchh/vascular24ts/STREME/085/turquoise_extracted_sequences.fa --n /home/share_data1/luchh/vascular24ts/STREME/085/pink_extracted_sequences.fa --minw 4 --o turquoise_extracted_sequences_VS_pink_extracted_sequences
********************************************************************************
CPU:		localhost.localdomain
********************************************************************************
FINALTIME:	362.18 seconds
********************************************************************************
