********************************************************************************
STREME - Sensitive, Thorough, Rapid, Enriched Motif Elicitation
********************************************************************************
MEME version 5.5.4 (Release date: Fri Jun 16 12:19:08 2023 -0700)

For further information on how to interpret these results please access https://meme-suite.org/meme.
To get a copy of the MEME Suite software please access https://meme-suite.org.

********************************************************************************


********************************************************************************
REFERENCE
********************************************************************************
If you use this program in your research, please cite:

Timothy L. Bailey,
"STREME: accurate and versatile sequence motif discovery",
Bioinformatics, Mar. 24, 2021.
********************************************************************************


ALPHABET= ACGT

strands: + -

Background letter frequencies
A 0.324 C 0.176 G 0.176 T 0.324 

MOTIF 1-ATATAAAAAAATTAA STREME-1
letter-probability matrix: alength= 4 w= 15 nsites= 216 E= 7.2e-002
 0.951145 0.029971 0.006310 0.012573
 0.106563 0.006302 0.009557 0.877578
 0.927979 0.029955 0.000397 0.041668
 0.063536 0.006310 0.000397 0.929757
 0.941144 0.012215 0.000397 0.046244
 0.891947 0.000397 0.012207 0.095449
 0.945195 0.000397 0.012207 0.042201
 0.923644 0.012223 0.000397 0.063735
 0.920028 0.000397 0.024034 0.055541
 0.851752 0.006318 0.000397 0.141533
 0.965235 0.000397 0.000397 0.033971
 0.190279 0.024082 0.000397 0.785242
 0.246917 0.039132 0.000397 0.713555
 0.919841 0.006302 0.006302 0.067555
 0.824898 0.012223 0.029939 0.132940

MOTIF 2-AAAAAATTTTAA STREME-2
letter-probability matrix: alength= 4 w= 12 nsites= 264 E= 1.0e-001
 0.938545 0.016000 0.016000 0.029455
 0.938545 0.016000 0.016000 0.029455
 0.938545 0.016000 0.016000 0.029455
 0.938545 0.016000 0.016000 0.029455
 0.938545 0.016000 0.016000 0.029455
 0.938545 0.016000 0.016000 0.029455
 0.029455 0.016000 0.016000 0.938545
 0.029455 0.016000 0.016000 0.938545
 0.029455 0.016000 0.016000 0.938545
 0.029455 0.016000 0.016000 0.938545
 0.938545 0.016000 0.016000 0.029455
 0.938545 0.016000 0.016000 0.029455

MOTIF 3-ATTAAAAAT STREME-3
letter-probability matrix: alength= 4 w= 9 nsites= 278 E= 2.7e-001
 0.938545 0.016000 0.016000 0.029455
 0.029455 0.016000 0.016000 0.938545
 0.029455 0.016000 0.016000 0.938545
 0.938545 0.016000 0.016000 0.029455
 0.938545 0.016000 0.016000 0.029455
 0.938545 0.016000 0.016000 0.029455
 0.938545 0.016000 0.016000 0.029455
 0.938545 0.016000 0.016000 0.029455
 0.029455 0.016000 0.016000 0.938545

MOTIF 4-AAATAAAAAATTAAT STREME-4
letter-probability matrix: alength= 4 w= 15 nsites= 157 E= 3.5e-001
 0.938545 0.016000 0.016000 0.029455
 0.938545 0.016000 0.016000 0.029455
 0.938545 0.016000 0.016000 0.029455
 0.029455 0.016000 0.016000 0.938545
 0.938545 0.016000 0.016000 0.029455
 0.938545 0.016000 0.016000 0.029455
 0.938545 0.016000 0.016000 0.029455
 0.938545 0.016000 0.016000 0.029455
 0.938545 0.016000 0.016000 0.029455
 0.938545 0.016000 0.016000 0.029455
 0.029455 0.016000 0.016000 0.938545
 0.029455 0.016000 0.016000 0.938545
 0.938545 0.016000 0.016000 0.029455
 0.938545 0.016000 0.016000 0.029455
 0.029455 0.016000 0.016000 0.938545

MOTIF 5-ACGCGGYC STREME-5
letter-probability matrix: alength= 4 w= 8 nsites= 256 E= 3.5e-001
 0.951592 0.000414 0.047232 0.000762
 0.000762 0.998063 0.000414 0.000762
 0.000762 0.031712 0.966764 0.000762
 0.000762 0.998063 0.000414 0.000762
 0.000762 0.053331 0.945145 0.000762
 0.000762 0.191766 0.572377 0.235095
 0.101586 0.284059 0.121519 0.492836
 0.151272 0.491980 0.157775 0.198972

MOTIF 6-ATATAAAAAAAAT STREME-6
letter-probability matrix: alength= 4 w= 13 nsites= 238 E= 3.5e-001
 0.956788 0.000485 0.000485 0.042241
 0.042353 0.000485 0.000485 0.956677
 0.970407 0.022214 0.006485 0.000894
 0.000894 0.000485 0.044032 0.954588
 0.662251 0.029679 0.007709 0.300361
 0.881027 0.000485 0.000485 0.118002
 0.914996 0.001978 0.000485 0.082541
 0.897988 0.016424 0.022288 0.063299
 0.776790 0.007641 0.000485 0.215083
 0.738659 0.026198 0.000485 0.234657
 0.833771 0.022214 0.000485 0.143529
 0.909827 0.029418 0.052639 0.008117
 0.047126 0.029507 0.002073 0.921294

MOTIF 7-AATTAATT STREME-7
letter-probability matrix: alength= 4 w= 8 nsites= 271 E= 4.1e-001
 0.994182 0.001515 0.001515 0.002789
 0.994182 0.001515 0.001515 0.002789
 0.002789 0.001515 0.036631 0.959065
 0.002789 0.001515 0.001515 0.994182
 0.994182 0.001515 0.001515 0.002789
 0.959065 0.036631 0.001515 0.002789
 0.002789 0.001515 0.001515 0.994182
 0.002789 0.001515 0.001515 0.994182

MOTIF 8-TTATTTAAAAAA STREME-8
letter-probability matrix: alength= 4 w= 12 nsites= 222 E= 4.9e-001
 0.023001 0.017290 0.003315 0.956394
 0.015865 0.011039 0.005294 0.967802
 0.949868 0.026643 0.000968 0.022521
 0.044831 0.023284 0.024968 0.906917
 0.015240 0.004885 0.001676 0.978198
 0.023564 0.010138 0.019639 0.946659
 0.920074 0.000636 0.012046 0.067243
 0.853425 0.019588 0.000636 0.126351
 0.936496 0.002716 0.019613 0.041175
 0.892816 0.019588 0.019639 0.067957
 0.882515 0.010125 0.029141 0.078219
 0.858537 0.019665 0.014970 0.106827

MOTIF 9-AAAAATATTTTTAAA STREME-9
letter-probability matrix: alength= 4 w= 15 nsites= 98 E= 4.9e-001
 0.954475 0.000935 0.000935 0.043654
 0.968529 0.000935 0.000935 0.029600
 0.968491 0.000935 0.000935 0.029638
 0.954532 0.000935 0.014856 0.029677
 0.912515 0.000935 0.028814 0.057736
 0.001722 0.000935 0.000935 0.996407
 0.996407 0.000935 0.000935 0.001722
 0.102363 0.043040 0.028852 0.825745
 0.057785 0.000935 0.000935 0.940344
 0.015642 0.014856 0.000935 0.968567
 0.001722 0.000935 0.000935 0.996407
 0.001722 0.000935 0.000935 0.996407
 0.996407 0.000935 0.000935 0.001722
 0.996407 0.000935 0.000935 0.001722
 0.884589 0.042925 0.014856 0.057631

MOTIF 10-AAAATAWTATTTT STREME-10
letter-probability matrix: alength= 4 w= 13 nsites= 265 E= 2.1e+000
 0.861808 0.008456 0.028324 0.101412
 0.813319 0.034963 0.031398 0.120320
 0.879586 0.015645 0.008123 0.096645
 0.877931 0.019648 0.031704 0.070717
 0.026956 0.008166 0.001353 0.963525
 0.945398 0.001302 0.012016 0.041285
 0.480332 0.019668 0.019668 0.480332
 0.041285 0.012016 0.001302 0.945398
 0.963525 0.001353 0.008166 0.026956
 0.070717 0.031704 0.019648 0.877931
 0.096645 0.008123 0.015645 0.879586
 0.120320 0.031398 0.034963 0.813319
 0.101412 0.028324 0.008456 0.861808

MOTIF 11-AAATTAAAATA STREME-11
letter-probability matrix: alength= 4 w= 11 nsites= 190 E= 8.7e+000
 0.919176 0.078974 0.000651 0.001199
 0.662165 0.123720 0.000651 0.213463
 0.841786 0.000651 0.000651 0.156911
 0.001199 0.000651 0.023396 0.974753
 0.001199 0.000651 0.000651 0.997498
 0.997498 0.000651 0.000651 0.001199
 0.982639 0.000651 0.000651 0.016058
 0.930096 0.068054 0.000651 0.001199
 0.882456 0.000651 0.020170 0.096722
 0.001199 0.000651 0.000651 0.997498
 0.851426 0.053230 0.000651 0.094693

MOTIF 12-TCAATAAAAAAAA STREME-12
letter-probability matrix: alength= 4 w= 13 nsites= 126 E= 9.8e+000
 0.012444 0.000548 0.000548 0.986460
 0.032369 0.879192 0.033375 0.055064
 0.858863 0.000548 0.139581 0.001008
 0.916080 0.000548 0.049519 0.033853
 0.172830 0.025056 0.025168 0.776946
 0.973308 0.008699 0.000548 0.017445
 0.932645 0.049497 0.008699 0.009159
 0.973432 0.025011 0.000548 0.001008
 0.922253 0.025023 0.000548 0.052177
 0.875500 0.000548 0.025023 0.098930
 0.812100 0.043041 0.065978 0.078881
 0.868632 0.057626 0.008710 0.065032
 0.932634 0.049464 0.000548 0.017355

********************************************************************************
Stopped because 3 consecutive motifs exceeded the p-value threshold (0.05).
********************************************************************************
COMMAND:	streme --p /home/share_data1/luchh/vascular24ts/STREME/085/turquoise_extracted_sequences.fa --n /home/share_data1/luchh/vascular24ts/STREME/085/salmon_extracted_sequences.fa --minw 4 --o turquoise_extracted_sequences_VS_salmon_extracted_sequences
********************************************************************************
CPU:		localhost.localdomain
********************************************************************************
FINALTIME:	373.19 seconds
********************************************************************************
