********************************************************************************
STREME - Sensitive, Thorough, Rapid, Enriched Motif Elicitation
********************************************************************************
MEME version 5.5.4 (Release date: Fri Jun 16 12:19:08 2023 -0700)

For further information on how to interpret these results please access https://meme-suite.org/meme.
To get a copy of the MEME Suite software please access https://meme-suite.org.

********************************************************************************


********************************************************************************
REFERENCE
********************************************************************************
If you use this program in your research, please cite:

Timothy L. Bailey,
"STREME: accurate and versatile sequence motif discovery",
Bioinformatics, Mar. 24, 2021.
********************************************************************************


ALPHABET= ACGT

strands: + -

Background letter frequencies
A 0.327 C 0.173 G 0.173 T 0.327 

MOTIF 1-AAAAAAAAACT STREME-1
letter-probability matrix: alength= 4 w= 11 nsites= 622 E= 6.8e-002
 0.925434 0.006408 0.006681 0.061477
 0.951867 0.009809 0.011295 0.027029
 0.860278 0.016005 0.047848 0.075869
 0.943106 0.011708 0.026358 0.018828
 0.917648 0.016046 0.010110 0.056196
 0.818154 0.004591 0.011970 0.165284
 0.966512 0.014426 0.007312 0.011750
 0.897900 0.015823 0.009319 0.076958
 0.969362 0.024043 0.002540 0.004054
 0.001559 0.980736 0.016147 0.001559
 0.071277 0.013742 0.023005 0.891976

MOTIF 2-ATATTTTTTTAT STREME-2
letter-probability matrix: alength= 4 w= 12 nsites= 499 E= 1.2e-001
 0.957229 0.016664 0.007915 0.018193
 0.003627 0.022424 0.033176 0.940773
 0.970824 0.009502 0.018227 0.001447
 0.010507 0.083575 0.007130 0.898788
 0.042385 0.011041 0.026033 0.920541
 0.028264 0.023263 0.030621 0.917853
 0.077195 0.008254 0.007130 0.907421
 0.004414 0.008745 0.005010 0.981831
 0.022857 0.030778 0.060820 0.885545
 0.077483 0.006591 0.001815 0.914111
 0.964642 0.010445 0.023466 0.001447
 0.050810 0.007086 0.022893 0.919211

MOTIF 3-GAGAGGGA STREME-3
letter-probability matrix: alength= 4 w= 8 nsites= 293 E= 2.1e-001
 0.002285 0.001214 0.994217 0.002285
 0.839426 0.023378 0.001214 0.135982
 0.002285 0.001214 0.994217 0.002285
 0.840467 0.156034 0.001214 0.002285
 0.002285 0.138813 0.856618 0.002285
 0.002285 0.001214 0.994217 0.002285
 0.002285 0.001214 0.994217 0.002285
 0.995287 0.001214 0.001214 0.002285

MOTIF 4-ATTTTTATTAC STREME-4
letter-probability matrix: alength= 4 w= 11 nsites= 750 E= 2.1e-001
 0.905143 0.021351 0.057272 0.016233
 0.045434 0.036106 0.037351 0.881109
 0.051312 0.048297 0.050732 0.849659
 0.121380 0.087125 0.091174 0.700321
 0.041114 0.088314 0.030285 0.840288
 0.028156 0.022213 0.024104 0.925527
 0.892469 0.052430 0.039820 0.015281
 0.098261 0.120124 0.135480 0.646135
 0.112669 0.035379 0.019485 0.832466
 0.966258 0.004553 0.003067 0.026122
 0.050713 0.876889 0.015613 0.056785

MOTIF 5-ATTTAAAAAAAAT STREME-5
letter-probability matrix: alength= 4 w= 13 nsites= 400 E= 2.7e-001
 0.978877 0.000436 0.019867 0.000820
 0.085150 0.013162 0.113974 0.787714
 0.249500 0.015251 0.005337 0.729913
 0.000820 0.000436 0.000436 0.998308
 0.994061 0.004683 0.000436 0.000820
 0.977090 0.021654 0.000436 0.000820
 0.705611 0.072562 0.000436 0.221392
 0.912234 0.001274 0.000436 0.086056
 0.845158 0.008923 0.000436 0.145483
 0.706094 0.042884 0.004678 0.246344
 0.865458 0.010109 0.101639 0.022795
 0.847524 0.000436 0.004676 0.147364
 0.000820 0.000436 0.000436 0.998308

MOTIF 6-ATTAATTAA STREME-6
letter-probability matrix: alength= 4 w= 9 nsites= 533 E= 3.4e-001
 0.994189 0.001497 0.001497 0.002817
 0.002817 0.044692 0.038738 0.913753
 0.002817 0.001497 0.001497 0.994189
 0.994189 0.001497 0.001497 0.002817
 0.883828 0.001497 0.111858 0.002817
 0.002817 0.001497 0.191711 0.803974
 0.002817 0.001497 0.001497 0.994189
 0.994189 0.001497 0.001497 0.002817
 0.994189 0.001497 0.001497 0.002817

MOTIF 7-AAAATTAAATTAT STREME-7
letter-probability matrix: alength= 4 w= 13 nsites= 387 E= 4.6e-001
 0.943206 0.000556 0.011370 0.044868
 0.869690 0.000556 0.011370 0.118384
 0.781619 0.049317 0.005960 0.163104
 0.987034 0.005960 0.005960 0.001046
 0.049729 0.027639 0.005960 0.916673
 0.037579 0.000556 0.016815 0.945051
 0.987028 0.011370 0.000556 0.001046
 0.939609 0.024826 0.027632 0.007932
 0.789666 0.055462 0.076376 0.078497
 0.016699 0.016781 0.016775 0.949746
 0.053990 0.043922 0.040652 0.861436
 0.933275 0.000556 0.011383 0.054787
 0.177293 0.140865 0.017714 0.664128

MOTIF 8-AAATTATTTTGATA STREME-8
letter-probability matrix: alength= 4 w= 14 nsites= 84 E= 3.1e+000
 0.978311 0.001182 0.012678 0.007829
 0.812110 0.001182 0.035729 0.150980
 0.960910 0.001182 0.012678 0.025229
 0.002224 0.012678 0.001182 0.983916
 0.025242 0.035709 0.001182 0.937866
 0.960910 0.012678 0.024187 0.002224
 0.025229 0.001182 0.001182 0.972407
 0.013720 0.012678 0.001182 0.972420
 0.013720 0.001182 0.024187 0.960910
 0.013720 0.001182 0.001182 0.983916
 0.222545 0.001182 0.727986 0.048287
 0.983916 0.001182 0.001182 0.013720
 0.025242 0.012678 0.001182 0.960897
 0.977482 0.001182 0.007615 0.013720

MOTIF 9-CTTCTTTTTTA STREME-9
letter-probability matrix: alength= 4 w= 11 nsites= 182 E= 3.4e+000
 0.001605 0.995938 0.000853 0.001605
 0.001605 0.000853 0.000853 0.996690
 0.001605 0.000853 0.000853 0.996690
 0.103843 0.710713 0.000853 0.184591
 0.001605 0.000853 0.000853 0.996690
 0.001605 0.059169 0.034082 0.905145
 0.001605 0.023860 0.000853 0.973682
 0.043165 0.000853 0.042413 0.913570
 0.001605 0.000853 0.000853 0.996690
 0.135509 0.000853 0.000853 0.862786
 0.837130 0.000853 0.160413 0.001605

MOTIF 10-AATAAGAACW STREME-10
letter-probability matrix: alength= 4 w= 10 nsites= 366 E= 8.1e+000
 0.864425 0.134155 0.000493 0.000927
 0.896984 0.000493 0.000493 0.102031
 0.000927 0.118663 0.234218 0.646192
 0.762917 0.000493 0.113994 0.122597
 0.970440 0.000493 0.000493 0.028575
 0.000927 0.000493 0.997654 0.000927
 0.998088 0.000493 0.000493 0.000927
 0.969232 0.029348 0.000493 0.000927
 0.000927 0.944524 0.000493 0.054056
 0.520917 0.151647 0.019912 0.307524

********************************************************************************
Stopped because 3 consecutive motifs exceeded the p-value threshold (0.05).
********************************************************************************
COMMAND:	streme --p /home/share_data1/luchh/vascular24ts/STREME/090/midnightblue_extracted_sequences.fa --n /home/share_data1/luchh/vascular24ts/STREME/090/greenyellow_extracted_sequences.fa --minw 4 --o midnightblue_extracted_sequences_VS_greenyellow_extracted_sequences
********************************************************************************
CPU:		localhost.localdomain
********************************************************************************
FINALTIME:	617.85 seconds
********************************************************************************
